frame1, frame2, tx, ty, tz, r11, r12, r13, r21, r22, r23, r31, r32, r33
0,1,-0.00102493,0.000304711,0.00025513,1,7.50267e-05,-0.000369623,-7.54718e-05,0.999999,-0.00120423,0.000369532,0.00120426,0.999999
1,2,0.00203276,0.00228178,-0.000866516,1,-0.000481494,3.24677e-05,0.000481493,1,4.01397e-05,-3.24871e-05,-4.0124e-05,1
2,3,0.00179861,-0.000594652,8.33054e-05,0.999999,-0.00154735,-0.000153177,0.00154771,0.999996,0.00237264,0.000149505,-0.00237287,0.999997
3,4,0.001585,-0.00437396,7.14683e-06,0.999997,-0.00180714,-0.00176879,0.00181051,0.999997,0.00190253,0.00176534,-0.00190573,0.999997
4,5,0.00993556,0.00321028,0.000186019,0.999994,-0.000249468,-0.00357959,0.000247655,1,-0.000506757,0.00357972,0.000505868,0.999993
5,6,-0.000426163,0.000506547,0.000184008,1,-0.000737258,0.00056066,0.000736652,0.999999,0.00108058,-0.000561456,-0.00108016,0.999999
6,7,-0.000532407,-0.00504362,-0.00147759,1,-0.000285368,-0.000572024,0.000286075,0.999999,0.00123708,0.000571671,-0.00123724,0.999999
7,8,0.00140549,0.00308535,0.00156577,0.999999,-0.000140806,-0.00138436,0.000137769,0.999998,-0.00219395,0.00138467,0.00219376,0.999997
8,9,-1.9681e-05,0.000758176,-0.000975303,1,-0.000483036,0.000760612,0.000482379,1,0.000864124,-0.000761029,-0.000863756,0.999999
9,10,0.000686497,0.00466008,0.00229714,1,0.000167283,0.000565462,-0.000165935,0.999997,-0.00238274,-0.000565859,0.00238265,0.999997
10,11,-0.000348843,-0.00133983,0.000251304,0.999999,0.000249113,-0.00115102,-0.000247553,0.999999,0.0013553,0.00115136,-0.00135502,0.999998
11,12,-0.00507875,-0.00320308,-0.000427356,0.999999,0.00131572,0.00106622,-0.00131807,0.999997,0.00220418,-0.00106332,-0.00220559,0.999997
12,13,0.00612317,-0.000470363,-0.000186908,0.999996,0.00115036,-0.00266103,-0.00115234,0.999999,-0.000742433,0.00266017,0.000745497,0.999996
13,14,0.0024294,0.00316806,-0.000229964,0.999994,0.00352637,-2.83935e-05,-0.00352641,0.999992,-0.00179639,2.20586e-05,0.00179648,0.999998
14,15,0.00194071,0.000902237,0.000355085,0.999997,0.00249791,0.000361784,-0.00249836,0.999996,0.00124422,-0.000358675,-0.00124512,0.999999
15,16,0.000508914,-0.00327998,0.00186024,0.999993,0.00334283,0.00148567,-0.00334498,0.999993,0.00144232,-0.00148084,-0.00144728,0.999998
16,17,-0.00242647,0.00467534,0.00128306,0.999997,0.00184404,0.0018331,-0.00184024,0.999996,-0.00206779,-0.0018369,0.00206441,0.999996
17,18,-7.18737e-05,2.46484e-05,0.000950617,0.999997,-2.22595e-05,-0.00224505,2.46829e-05,0.999999,0.00107945,0.00224502,-0.00107951,0.999997
18,19,0.00415508,0.00108374,0.000742602,0.999997,-0.00070237,-0.00226077,0.000702973,1,0.000265787,0.00226059,-0.000267376,0.999997
19,20,0.00225664,0.000857498,0.000217984,0.999997,0.00250463,0.000390076,-0.00250447,0.999997,-0.000390689,-0.000391053,0.000389711,1
20,21,0.00564406,0.000886473,0.00188872,0.999998,0.00193648,-0.000380911,-0.00193611,0.999998,0.000981093,0.00038281,-0.000980354,0.999999
21,22,-0.00405146,-0.00167216,0.0046087,0.999993,0.00201581,0.00307267,-0.00201744,0.999998,0.000526743,-0.0030716,-0.000532938,0.999995
22,23,0.00447351,-0.00291622,0.000291381,0.999999,0.000773351,-0.000909319,-0.000773192,1,0.000174744,0.000909454,-0.000174041,1
23,24,0.005498,-0.00113551,0.00172857,0.999999,-0.000430336,-0.00144524,0.000432056,0.999999,0.00119047,0.00144473,-0.0011911,0.999998
24,25,0.00663566,0.00152407,0.00466243,0.999997,-0.000375738,-0.00230988,0.000372269,0.999999,-0.00150205,0.00231044,0.00150119,0.999996
25,26,-0.000176513,-0.00192746,-0.000729559,1,-0.000332369,-0.00079286,0.000333701,0.999999,0.00168076,0.0007923,-0.00168103,0.999998
26,27,0.0108009,-0.00466134,0.0036922,0.999992,0.000835737,-0.00387063,-0.000820567,0.999992,0.00391926,0.00387387,-0.00391606,0.999985
27,28,0.000150518,-0.00104766,0.00197928,1,-7.56624e-06,0.000645313,9.10478e-06,0.999997,-0.00238421,-0.000645294,0.00238421,0.999997
28,29,0.0137773,0.00949846,-0.000402275,0.999986,-0.00184164,-0.0050157,0.00182194,0.999991,-0.0039295,0.00502289,0.0039203,0.99998
29,30,0.0054028,-0.00750512,0.00287902,0.999998,0.00155592,-0.00134844,-0.00155326,0.999997,0.00197332,0.00135151,-0.00197122,0.999997
30,31,0.00759094,-0.00137632,-5.3309e-05,0.999999,0.000170009,-0.00104504,-0.000172349,0.999997,-0.00223956,0.00104466,0.00223974,0.999997
31,32,0.000392121,0.000638976,0.00332782,0.999999,-0.00048266,0.00110188,0.000485985,0.999995,-0.00301905,-0.00110042,0.00301958,0.999995
32,33,0.000929254,0.00189972,0.000786208,1,-9.43293e-05,0.00074653,9.82035e-05,0.999987,-0.00519119,-0.000746031,0.00519126,0.999986
33,34,0.0101996,0.0050779,-0.000943151,0.999995,-0.00255788,-0.00179228,0.0025543,0.999995,-0.00199568,0.00179737,0.00199109,0.999996
34,35,0.00282614,-0.00301928,0.00717547,0.999997,0.000527201,0.00251217,-0.000527846,1,0.000256125,-0.00251203,-0.00025745,0.999997
35,36,0.00274341,-0.00331259,0.00071868,0.999998,8.05258e-06,0.0017663,5.13246e-07,0.999988,-0.00484955,-0.00176631,0.00484954,0.999987
36,37,0.0153941,0.00712902,0.00179807,0.999996,-0.000690894,-0.00274478,0.000679213,0.999991,-0.00425429,0.00274769,0.00425241,0.999987
37,38,0.00866898,0.00236343,0.00121553,0.999988,-0.00485959,0.000826734,0.0048564,0.999981,0.00381843,-0.000845274,-0.00381437,0.999992
38,39,0.0024236,-0.00709291,-0.00036331,0.999997,-0.00181035,0.0014749,0.00180401,0.999989,0.00429016,-0.00148265,-0.00428749,0.99999
39,40,0.00592213,0.0105165,-0.000212233,0.999998,-0.0017673,0.000277965,0.0017677,0.999997,-0.00142292,-0.000275449,0.00142341,0.999999
40,41,-0.000940854,-0.00614742,0.00224607,0.999986,0.00194583,0.00493774,-0.00199095,0.999956,0.00914858,-0.00491973,-0.00915829,0.999946
41,42,-0.00862272,-0.0157465,0.00220812,0.999987,0.00203588,0.0046158,-0.00205451,0.99999,0.00403566,-0.00460754,-0.0040451,0.999981
42,43,0.00230392,0.00322299,-0.0024267,0.999993,-0.000199143,-0.00383604,0.000183516,0.999992,-0.00407351,0.00383682,0.00407277,0.999984
43,44,0.000984286,0.00323304,0.00296946,0.999994,-0.000465476,-0.00343836,0.000469747,0.999999,0.00124163,0.00343778,-0.00124323,0.999993
44,45,0.00783711,-0.000308091,0.00224827,0.999979,-0.0009721,-0.00646508,0.000978907,0.999999,0.00104988,0.00646405,-0.00105619,0.999979
45,46,0.00942756,0.00449049,-0.00324485,0.999976,0.00421783,-0.00544204,-0.00420635,0.999989,0.00211774,0.00545091,-0.0020948,0.999983
46,47,0.00749019,0.0010407,0.00526494,0.999926,0.0106721,0.00584793,-0.0107279,0.999896,0.00959757,-0.0057449,-0.00965959,0.999937
47,48,-0.00680069,0.000760117,0.0050414,0.999992,0.00283745,0.00281363,-0.00284208,0.999995,0.00164428,-0.00280895,-0.00165226,0.999995
48,49,-0.00128165,0.00192818,0.00194249,0.999986,0.00223464,-0.00470926,-0.00223095,0.999997,0.00078908,0.00471101,-0.000778563,0.999989
49,50,0.00164015,-0.00707649,0.00206792,0.999987,-9.86624e-05,-0.00514849,0.000108723,0.999998,0.00195393,0.00514829,-0.00195446,0.999985
50,51,0.00843926,-0.00236254,-0.0023801,0.999984,0.000886868,-0.00551665,-0.000897293,0.999998,-0.00188742,0.00551496,0.00189234,0.999983
51,52,-0.00284412,-0.00260393,0.000324831,0.999999,0.00116211,-0.00128298,-0.00116447,0.999998,-0.00183502,0.00128085,0.00183652,0.999997
52,53,0.00464928,4.28562e-05,-0.00218545,0.999978,0.00299488,-0.00599211,-0.0030277,0.99998,-0.00547497,0.0059756,0.00549299,0.999967
53,54,0.00608085,-0.00154734,-0.000986085,0.99998,8.2882e-05,-0.0063551,-8.68194e-05,1,-0.000619296,0.00635505,0.000619835,0.99998
54,55,0.00287369,-0.000223171,0.00104433,0.999987,0.00080797,-0.00495393,-0.000820776,0.999996,-0.0025834,0.00495182,0.00258744,0.999984
55,56,0.0014313,-0.00219137,-0.00117222,0.999986,0.000676327,-0.00521558,-0.000686379,0.999998,-0.00192578,0.00521426,0.00192933,0.999985
56,57,0.0128516,0.00383867,-0.0028597,0.999946,-0.000276203,-0.0103643,0.000247677,0.999996,-0.00275349,0.010365,0.00275078,0.999942
57,58,0.0100161,-0.000801709,-0.0026808,0.99998,0.00149352,-0.00622369,-0.00148363,0.999998,0.00159298,0.00622606,-0.00158372,0.999979
58,59,0.00725717,-0.000487466,0.00175489,0.999986,0.00370605,-0.00371444,-0.00370523,0.999993,0.000227711,0.00371526,-0.000213945,0.999993
59,60,0.0169277,0.000631809,-0.00117136,0.999979,0.000318204,-0.00644312,-0.000302456,0.999997,0.00244497,0.00644388,-0.00244297,0.999976
60,61,0.0125869,0.00159285,0.00101742,0.999993,0.00260698,-0.0026747,-0.0025946,0.999986,0.00461973,0.00268671,-0.00461275,0.999986
61,62,0.00653923,-0.00880568,0.00492217,0.999994,0.00279648,0.00225604,-0.00281113,0.999975,0.00651598,-0.00223776,-0.00652228,0.999976
62,63,0.00981243,-0.00779432,0.00331018,0.999984,0.00431688,0.00366523,-0.0043187,0.999991,0.00048922,-0.00366308,-0.000505041,0.999993
63,64,0.00652987,-0.000113932,-0.000379341,0.999995,0.000119606,0.00328408,-0.000110658,0.999996,-0.00272472,-0.00328439,0.00272434,0.999991
64,65,0.00445255,-0.00114126,9.91469e-05,0.999997,-0.00236692,-0.00116452,0.00236526,0.999996,-0.00142063,0.00116788,0.00141787,0.999998
65,66,0.015724,0.00263625,0.000221403,0.999985,-0.000272614,-0.00555407,0.000251382,0.999993,-0.00382317,0.00555507,0.00382172,0.999977
66,67,0.0158294,-0.00250334,0.000577145,0.999998,0.00100354,-0.00193947,-0.0010064,0.999998,-0.00147834,0.00193799,0.00148029,0.999997
67,68,0.0154838,0.00119349,-0.00140895,0.999996,0.00175969,-0.00197731,-0.00176505,0.999995,-0.00271509,0.00197252,0.00271857,0.999994
68,69,0.0204429,0.00245385,-1.58461e-05,0.999991,0.00167439,-0.00382864,-0.00167331,0.999999,0.000284604,0.00382911,-0.000278195,0.999993
69,70,0.0138617,-0.00149879,0.00187122,0.999998,0.00194942,0.000432309,-0.00195069,0.999994,0.00296715,-0.000426522,-0.00296799,0.999996
70,71,0.00665093,-0.00288409,0.00194405,0.999991,0.00213294,0.00361896,-0.00213568,0.999997,0.000751381,-0.00361735,-0.000759104,0.999993
71,72,0.00450278,0.00240539,0.00128243,0.999995,0.00168676,0.00279443,-0.00167909,0.999995,-0.00274517,-0.00279905,0.00274046,0.999992
72,73,0.00320215,0.000436935,0.0027854,1,-0.000131517,-0.00014887,0.00013078,0.999988,-0.00493968,0.000149518,0.00493966,0.999988
73,74,0.00809915,0.00187254,-0.000705291,0.999991,-0.00100956,-0.00411319,0.000987839,0.999986,-0.00527875,0.00411846,0.00527464,0.999978
74,75,0.0118895,0.000563508,0.000651077,0.999976,-0.00199689,-0.00659361,0.00198091,0.999995,-0.00242923,0.00659843,0.00241611,0.999975
75,76,0.0174431,0.00345522,-0.00194976,0.999963,-0.000433664,-0.00854294,0.000428281,1,-0.000631889,0.00854321,0.000628207,0.999963
76,77,0.0128978,-0.00532805,0.00173918,0.999994,0.00252528,-0.00246431,-0.00251418,0.999987,0.00449995,0.00247564,-0.00449372,0.999987
77,78,0.0101239,-0.00294762,0.00321379,0.99998,0.00585777,0.00245091,-0.00585253,0.999981,-0.00213889,-0.00246339,0.0021245,0.999995
78,79,0.00680163,0.00117695,-0.00058321,0.999998,-0.000578322,0.00165103,0.000580673,0.999999,-0.00142403,-0.00165021,0.00142499,0.999998
79,80,0.00363628,0.0040911,0.00579814,0.999977,-0.00566391,-0.00378542,0.00567176,0.999982,0.00206623,0.00377365,-0.00208765,0.999991
80,81,0.00784573,-0.00611012,0.0035643,0.999964,-0.00271837,-0.00801944,0.00274388,0.999991,0.0031718,0.00801075,-0.00319369,0.999963
81,82,0.0164022,-0.000340754,0.000879984,0.99998,0.000434207,-0.00636546,-0.000439628,1,-0.000850249,0.00636509,0.00085303,0.999979
82,83,0.0126759,0.0037843,0.00200295,0.999999,0.000382802,-0.00143011,-0.000381517,1,0.000899099,0.00143046,-0.000898552,0.999999
83,84,0.00792186,-0.00109038,0.00404995,0.999999,0.000607034,-0.00106258,-0.000603868,0.999995,0.00297816,0.00106438,-0.00297752,0.999995
84,85,0.0269718,-0.00325035,0.00913803,0.999973,0.00449836,-0.00577002,-0.00443576,0.999932,0.0108161,0.00581828,-0.0107903,0.999925
85,86,0.0109944,-0.00436295,0.00491409,0.999992,0.00358315,0.00169508,-0.00358829,0.999989,0.00303568,-0.00168418,-0.00304174,0.999994
86,87,0.010905,0.00194844,0.00316647,0.999996,0.00253888,0.00112793,-0.00253998,0.999996,0.000979414,-0.00112544,-0.000982275,0.999999
87,88,0.0109986,-0.00400912,0.00269807,0.999998,-0.000190013,-0.00206975,0.000199909,0.999989,0.00478229,0.00206882,-0.00478269,0.999986
88,89,0.0199473,0.000115639,0.00560428,0.99999,0.000203655,-0.00451485,-0.000173143,0.999977,0.00675756,0.00451613,-0.00675671,0.999967
89,90,0.00890115,-0.0151155,0.00960996,0.99997,0.00671495,0.00391692,-0.00674317,0.999951,0.00723675,-0.00386813,-0.00726295,0.999966
90,91,0.0175556,0.00116014,0.000677775,0.999979,0.00573477,0.00305427,-0.00573231,0.999983,-0.000813658,-0.00305889,0.000796133,0.999995
91,92,0.00126747,-0.00611176,0.00827345,0.999981,0.00214723,0.00580588,-0.00215741,0.999996,0.00174706,-0.0058021,-0.00175955,0.999982
92,93,0.0065877,-0.00283253,0.000136425,0.999994,-0.00285336,-0.00185179,0.00284882,0.999993,-0.00244777,0.00185876,0.00244248,0.999995
93,94,0.0164817,-0.00436873,0.00141937,0.999981,-0.00137944,-0.00601765,0.00137632,0.999999,-0.000522868,0.00601837,0.000514576,0.999982
94,95,0.0128506,-0.00442426,0.00286913,0.999987,-0.00134819,-0.00498296,0.00133833,0.999997,-0.0019813,0.00498561,0.0019746,0.999986
95,96,0.00769412,-0.00801782,0.00264389,0.999989,-0.00190722,-0.00419825,0.00189744,0.999995,-0.00233034,0.00420267,0.00232235,0.999988
96,97,0.0193438,-0.00435678,-0.000697923,0.999969,-0.00252719,-0.00744261,0.00247166,0.999969,-0.00745981,0.00746123,0.00744119,0.999944
97,98,0.0172298,0.00282408,-0.000366553,0.999987,-0.00215962,-0.00467115,0.00214647,0.999994,-0.00281973,0.00467721,0.00280967,0.999985
98,99,0.00635632,-0.0126035,0.00114598,0.999994,-0.00335072,-3.85768e-05,0.00335071,0.999994,-0.000171289,3.91505e-05,0.000171159,1
99,100,0.0144644,-0.0053904,-0.00333283,0.999991,-0.00264624,-0.00333375,0.00262253,0.999971,-0.00709654,0.00335243,0.00708774,0.999969
100,101,0.0174238,-0.000776909,-0.00173084,0.999999,0.000966414,0.000279481,-0.000965845,0.999997,-0.00202694,-0.000281439,0.00202667,0.999998
101,102,0.00693611,-0.00403287,0.000765891,0.999991,0.00190109,0.00387509,-0.00188619,0.999991,-0.00384559,-0.00388237,0.00383824,0.999985
102,103,0.0134991,-0.00501537,-0.00383703,0.999999,-0.000772126,-0.00110058,0.000767903,0.999992,-0.0038323,0.00110353,0.00383145,0.999992
103,104,0.00983683,-0.00473553,-0.00262726,1,0.000252663,0.000867899,-0.000250534,0.999997,-0.00245198,-0.000868515,0.00245177,0.999997
104,105,0.0202053,-0.00485303,-0.00924738,0.999953,0.00588579,0.00773437,-0.0058294,0.999956,-0.00729346,-0.00777696,0.00724803,0.999943
105,106,0.0151701,0.00513528,-0.00804972,0.999999,0.00105111,-0.00135346,-0.00105795,0.999987,-0.0050626,0.00134812,0.00506403,0.999986
106,107,0.0108197,0.00203666,-0.00622482,1,-0.000609487,-0.000556731,0.000609653,1,0.000297582,0.00055655,-0.000297921,1
107,108,0.0114093,-0.000358878,-0.00691455,0.999997,-0.00119133,-0.0020627,0.00118938,0.999999,-0.000945496,0.00206383,0.00094304,0.999997
108,109,0.00671628,0.00107561,-0.00576481,0.999994,0.00159087,-0.00322844,-0.00159303,0.999999,-0.000666722,0.00322738,0.000671861,0.999995
109,110,0.0148505,0.000475915,-0.00841174,0.99997,0.000151672,-0.00779293,-0.000174245,0.999996,-0.00289597,0.00779245,0.00289724,0.999965
110,111,0.0227228,0.00777905,-0.0124441,0.999988,-0.00107248,-0.00476827,0.00107293,0.999999,9.11733e-05,0.00476817,-9.62882e-05,0.999989
111,112,0.00832951,1.92847e-05,-0.00506172,0.99999,0.00289056,0.00355591,-0.00291254,0.999977,0.00619366,-0.00353792,-0.00620395,0.999974
112,113,0.00905421,0.000290899,-0.00799529,0.999998,0.00169844,0.000525308,-0.00169927,0.999997,0.00158524,-0.000522614,-0.00158613,0.999999
113,114,0.0132137,0.00931762,-0.0108932,1,-2.6977e-05,-1.08744e-05,2.69809e-05,1,0.000352225,1.08649e-05,-0.000352225,1
114,115,0.00716123,-0.000134176,-0.00862913,0.999997,-0.000207696,0.00253231,0.000189993,0.999976,0.00698934,-0.00253369,-0.00698883,0.999972
115,116,0.0109409,0.000548787,-0.00874295,0.999997,0.00175882,-0.00170065,-0.00175566,0.999997,0.00185644,0.00170391,-0.00185345,0.999997
116,117,0.0132721,0.00515296,-0.0126659,0.999988,0.00416742,-0.00249377,-0.00416494,0.999991,0.00099736,0.0024979,-0.000986962,0.999996
117,118,0.00904655,0.00454454,-0.0119335,0.99999,0.00439734,-6.83853e-05,-0.00439683,0.999971,0.00617138,9.5521e-05,-0.00617102,0.999981
118,119,0.00785284,0.00247747,-0.00745256,0.999995,0.00317026,-0.000303281,-0.00316892,0.999986,0.00431849,0.000316968,-0.00431751,0.999991
119,120,0.00618019,0.000232887,-0.0076518,0.999984,0.00534732,0.00172162,-0.00534856,0.999985,0.00071785,-0.00171776,-0.000727047,0.999998
120,121,0.00911401,0.00412382,-0.0109394,0.99997,0.00704843,0.00322364,-0.0070378,0.99997,-0.00329637,-0.00324677,0.00327358,0.999989
121,122,0.00650717,0.00450112,-0.00975737,0.999978,0.00532196,0.00399313,-0.00531033,0.999982,-0.00291584,-0.00400857,0.00289457,0.999988
122,123,0.00241792,0.00523012,-0.00777122,0.999998,0.00176008,0.00099519,-0.00175473,0.999984,-0.00535278,-0.0010046,0.00535103,0.999985
123,124,0.00812984,0.00899452,-0.0129915,0.999973,0.00037748,-0.00728261,-0.000429296,0.999975,-0.00711483,0.00727974,0.00711776,0.999948
124,125,0.00935137,0.00171587,-0.0114489,0.999968,-0.000177216,-0.00802785,0.000179755,1,0.000315539,0.00802779,-0.000316972,0.999968
125,126,0.00614644,0.00418101,-0.0105319,0.999981,0.00277567,-0.00543966,-0.00278802,0.999994,-0.00226419,0.00543334,0.00227932,0.999983
126,127,0.00714362,0.00716872,-0.0108435,0.999979,0.00293695,-0.00576682,-0.00294859,0.999994,-0.00201031,0.00576088,0.00202727,0.999981
127,128,0.00936082,0.00381925,-0.00987898,0.999968,0.00236268,-0.00758599,-0.00235839,0.999997,0.000574052,0.00758733,-0.000556143,0.999971
128,129,0.00629923,0.00419059,-0.00957716,0.999991,0.00105314,-0.00414157,-0.00103782,0.999993,0.00369909,0.00414543,-0.00369476,0.999985
129,130,0.00589172,0.000804187,-0.0061592,0.999984,0.000977702,-0.00563859,-0.000961483,0.999995,0.00287839,0.00564138,-0.00287292,0.99998
130,131,0.0089387,0.0101118,-0.00934803,0.999972,-4.23376e-05,-0.00742821,2.39493e-05,0.999997,-0.00247553,0.00742829,0.00247528,0.999969
131,132,0.00513216,0.00140044,-0.0105781,0.999988,0.000533338,-0.00490994,-0.00050258,0.99998,0.00626367,0.00491319,-0.00626112,0.999968
132,133,0.00260445,0.00214751,-0.00398418,0.999998,0.000989992,-0.00198554,-0.000983728,0.999995,0.0031529,0.00198865,-0.00315094,0.999993
133,134,0.00653679,-0.00228132,-0.0091116,0.999997,0.000278773,-0.00254973,-0.000277649,1,0.000441268,0.00254986,-0.000440559,0.999997
134,135,0.00963727,0.00892461,-0.0119516,0.999974,0.00034524,-0.00722262,-0.000364999,0.999996,-0.00273448,0.00722165,0.00273704,0.99997
135,136,0.00883022,0.0012915,-0.00867582,0.999985,-3.0341e-05,-0.00552345,5.21597e-05,0.999992,0.00395008,0.00552329,-0.00395031,0.999977
136,137,0.00745049,1.73465e-05,-0.00760849,0.999991,0.00287266,-0.00316755,-0.00286558,0.999993,0.00223747,0.00317395,-0.00222837,0.999992
137,138,0.00456141,0.00506348,-0.0106595,0.999996,0.00126519,-0.00266978,-0.00126983,0.999998,-0.00173921,0.00266757,0.00174259,0.999995
138,139,0.00866603,0.00641233,-0.0118242,0.999977,0.00083491,-0.00677406,-0.000847522,0.999998,-0.00185908,0.00677249,0.00186478,0.999975
139,140,0.00928829,0.00534081,-0.0122316,0.999976,0.00223479,-0.00657984,-0.00222304,0.999996,0.00179272,0.00658382,-0.00177805,0.999977
140,141,0.0069051,0.000150592,-0.010093,0.999985,0.00428383,-0.00334299,-0.00426551,0.999976,0.00547011,0.00336634,-0.00545577,0.999979
141,142,0.00779278,0.00542047,-0.0118649,0.99998,0.0046935,-0.00419389,-0.0046795,0.999983,0.00334188,0.00420951,-0.00332219,0.999986
142,143,0.00948744,0.000871925,-0.00970341,0.999974,0.00533218,-0.00492124,-0.00530074,0.999966,0.00637938,0.00495509,-0.00635313,0.999968
143,144,0.00879599,0.00387668,-0.0104497,0.999966,0.00799121,-0.00191927,-0.00797718,0.999942,0.00721005,0.00197678,-0.00719449,0.999972
144,145,0.00806028,0.0043072,-0.00876515,0.99998,0.00601055,-0.00184289,-0.00599827,0.99996,0.00659737,0.00188247,-0.00658619,0.999977
145,146,0.0100519,0.00157407,-0.00884536,0.999975,0.00481866,-0.0052673,-0.00477963,0.999961,0.00739884,0.00530275,-0.00737348,0.999959
146,147,0.00880784,-0.00379464,-0.00730245,0.999955,0.00895932,-0.00309012,-0.00890322,0.999803,0.0177136,0.00324822,-0.0176853,0.999838
147,148,0.00911836,0.00247093,-0.00500968,0.99996,0.00879213,-0.00146853,-0.00877284,0.999881,0.0126661,0.00157972,-0.0126528,0.999919
148,149,-0.000365997,-0.0210442,-0.00203868,0.999959,0.00866949,0.00253547,-0.00869552,0.999908,0.0104415,-0.00244472,-0.0104631,0.999942
149,150,0.00980116,0.0096864,-0.0103894,0.999966,0.00457568,-0.00686863,-0.00462846,0.99996,-0.00768775,0.00683318,0.00771928,0.999947
150,151,0.0113414,0.0082962,-0.0110833,0.999938,-0.00109728,-0.0111214,0.00107967,0.999998,-0.00158939,0.0111231,0.00157729,0.999937
151,152,0.00953095,0.00122419,-0.0083579,0.999953,-0.000651528,-0.00972234,0.0006881,0.999993,0.0037587,0.00971982,-0.00376521,0.999946
152,153,0.00845243,0.000932864,-0.00573338,0.999978,0.00410181,-0.00519328,-0.00409063,0.999989,0.00216048,0.00520208,-0.00213919,0.999984
153,154,0.0105278,0.00280761,-0.0074369,0.999974,0.00597174,-0.00409167,-0.00597713,0.999981,-0.00130774,0.00408378,0.00133217,0.999991
154,155,0.00714511,0.00574116,-0.00864111,0.999994,0.00244588,-0.00250775,-0.00244765,0.999997,-0.000702933,0.00250602,0.000709067,0.999997
155,156,0.00248049,0.000847316,-0.00572869,0.999991,-0.0005007,-0.00415386,0.000502397,1,0.000407465,0.00415366,-0.000409548,0.999991
156,157,0.00673941,0.00113956,-0.00894015,0.999958,0.00146611,-0.00909479,-0.00149076,0.999995,-0.00270426,0.00909078,0.0027177,0.999955
157,158,0.0092964,0.0147963,-0.00981328,0.99996,0.000141948,-0.00890182,-0.000190208,0.999985,-0.00542078,0.00890092,0.00542225,0.999946
158,159,0.00779761,0.00320129,-0.00869171,0.999981,0.00244592,-0.00557019,-0.00241765,0.999984,0.00507459,0.00558252,-0.00506103,0.999972
159,160,0.00641137,0.00281841,-0.00788021,0.999977,0.00480323,-0.0047844,-0.00478751,0.999983,0.00328995,0.00480013,-0.00326697,0.999983
160,161,0.00717583,0.0101755,-0.0105927,0.999979,0.00251745,-0.0059991,-0.00251577,0.999997,0.000287821,0.00599981,-0.000272723,0.999982
161,162,0.00999111,0.00472522,-0.00944857,0.999965,0.00309954,-0.00782832,-0.00305899,0.999982,0.0051864,0.00784425,-0.00516227,0.999956
162,163,0.00721423,0.000740824,-0.00834741,0.999966,0.00519644,-0.00632533,-0.00515678,0.999967,0.00626922,0.0063577,-0.00623639,0.99996
163,164,0.00478526,-0.000873422,-0.00964708,0.99998,0.00403418,-0.00482754,-0.00402144,0.999988,0.00264697,0.00483816,-0.0026275,0.999985
164,165,0.00748185,0.00628621,-0.0111904,0.999978,0.00215121,-0.00622216,-0.00215803,0.999997,-0.00108935,0.0062198,0.00110275,0.99998
165,166,0.00672585,0.00370277,-0.00953661,0.999971,0.00238612,-0.0072408,-0.00239182,0.999997,-0.000778615,0.00723892,0.000795911,0.999973
166,167,0.0117366,0.00744965,-0.0126149,0.999967,0.00109891,-0.00800684,-0.00112298,0.999995,-0.00300261,0.0080035,0.0030115,0.999963
167,168,0.00894326,0.00511613,-0.0105231,0.999984,0.00307566,-0.00464428,-0.00307011,0.999995,0.00120166,0.00464795,-0.00118738,0.999988
168,169,0.00374391,0.00254791,-0.00790603,0.999994,0.0017355,-0.00314516,-0.00173869,0.999998,-0.00101347,0.0031434,0.00101893,0.999995
169,170,0.0103573,0.00903604,-0.0137282,0.999964,-0.0013885,-0.00841563,0.00135013,0.999989,-0.00456226,0.00842187,0.00455074,0.999954
170,171,0.0108763,0.0106977,-0.0125048,0.999967,0.000341092,-0.00806402,-0.000344005,1,-0.000359902,0.0080639,0.000362664,0.999967
171,172,0.00372926,-0.00245039,-0.00793539,0.999974,0.00690754,-0.00225742,-0.00689667,0.999965,0.00479015,0.00229043,-0.00477446,0.999986
172,173,0.00911929,0.00397599,-0.0108007,0.999961,0.00834415,-0.00280098,-0.00834844,0.999964,-0.00152574,0.00278815,0.00154907,0.999995
173,174,0.00727514,0.00339368,-0.00879217,0.999942,0.0107008,-0.000767703,-0.0107015,0.999942,-0.000905467,0.00075797,0.00091363,0.999999
174,175,0.00329198,-0.000712376,-0.00728286,0.999966,0.00826334,0.00067656,-0.00826243,0.999965,-0.00133779,-0.000687591,0.00133216,0.999999
175,176,0.00476641,0.00268686,-0.00961552,0.999984,0.00358273,-0.0043619,-0.00361086,0.999973,-0.00645905,0.00433864,0.0064747,0.99997
176,177,0.0118099,0.00966674,-0.0119225,0.999958,0.00102956,-0.00910408,-0.00109963,0.99997,-0.00769488,0.00909589,0.00770457,0.999929
177,178,0.0145704,0.00262946,-0.0168069,0.999944,0.00992323,-0.00365896,-0.00993929,0.999941,-0.00439731,0.00361511,0.00443343,0.999984
178,179,0.00859413,0.00409825,-0.00980392,0.999981,0.00578217,-0.00234524,-0.00579611,0.999965,-0.00598106,0.00231057,0.00599454,0.999979
179,180,0.00689322,0.00557612,-0.00992851,0.999992,0.00180621,-0.00366911,-0.00182364,0.999987,-0.00475158,0.00366048,0.00475824,0.999982
180,181,0.00887996,0.00488044,-0.010171,0.99998,0.00104282,-0.0061933,-0.0010631,0.999994,-0.00327169,0.00618985,0.00327821,0.999975
181,182,0.00629579,0.00158038,-0.00769108,0.999981,0.00464135,-0.00405231,-0.00464263,0.999989,-0.000306943,0.00405084,0.000325751,0.999992
182,183,0.00528172,0.000553927,-0.00722512,0.999987,0.00495498,-0.00151712,-0.00495958,0.999983,-0.00304513,0.00150201,0.00305261,0.999994
183,184,0.0079658,0.00479309,-0.00968677,0.999993,0.0018038,-0.00337918,-0.00182168,0.999984,-0.00529293,0.00336958,0.00529904,0.99998
184,185,0.00719099,0.00704378,-0.0102303,0.99997,-0.00229439,-0.00741543,0.00227034,0.999992,-0.00324999,0.00742282,0.00323305,0.999967
185,186,0.0129116,0.00183422,-0.014724,0.999769,-0.00500077,-0.0208869,0.00496033,0.999986,-0.00198775,0.0208965,0.00188369,0.99978
186,187,0.0169628,0.00356513,-0.0164702,0.999882,0.0054289,-0.0143841,-0.00548509,0.999977,-0.00386974,0.0143628,0.00394818,0.999889
187,188,0.00696373,0.00593571,-0.00779996,0.999947,-0.00162238,-0.0101451,0.00160266,0.999997,-0.00195182,0.0101483,0.00193546,0.999947
188,189,0.00862535,0.000947379,-0.00731547,0.999906,-0.00207999,-0.0135202,0.00212667,0.999992,0.00343855,0.0135129,-0.00346698,0.999903
189,190,0.020288,0.00391176,-0.0137051,0.9997,-0.00527352,-0.0239003,0.00562543,0.999876,0.0146808,0.02382,-0.0148108,0.999607
190,191,0.00799261,-0.000197885,-0.00450409,0.999925,-0.00173399,-0.0121414,0.00183002,0.999967,0.00790241,0.0121273,-0.00792404,0.999895
191,192,0.0133413,-0.00305309,-0.00855704,0.999915,0.00295715,-0.0127161,-0.00284446,0.999957,0.00887107,0.0127418,-0.00883415,0.99988
192,193,0.0103749,-0.00322493,-0.00491719,0.999962,0.00637805,-0.00589441,-0.00630875,0.999912,0.0117007,0.00596851,-0.011663,0.999914
193,194,-1.4703e-05,-0.00744594,0.00267412,0.999971,0.00757295,-0.0010439,-0.00756976,0.999967,0.00302651,0.00106678,-0.00301852,0.999995
194,195,0.0181549,0.00831963,-0.0137634,0.999895,0.00123827,-0.014453,-0.0013136,0.999986,-0.00520398,0.0144463,0.00522242,0.999882
195,196,0.00865554,-0.00653012,-0.00476126,0.999932,0.00838543,-0.00807251,-0.00829568,0.999904,0.0110876,0.00816471,-0.0110199,0.999906
196,197,0.00529626,-0.00855043,-0.00111274,0.999936,0.010828,-0.00341903,-0.0108112,0.99993,0.00489327,0.00347178,-0.00485599,0.999982
197,198,0.0107065,-0.00114776,-0.00746802,0.999972,0.00481935,-0.00569594,-0.00483378,0.999985,-0.00252167,0.0056837,0.00254913,0.999981
198,199,0.0116491,-0.00346832,-0.00600539,0.999978,0.0039463,-0.00525741,-0.00394583,0.999992,0.000100907,0.00525776,-8.01605e-05,0.999986
199,200,0.0135235,-0.00122998,-0.00842574,0.999987,0.00435242,-0.0026272,-0.00435425,0.99999,-0.000692433,0.00262416,0.000703864,0.999996
200,201,0.00779521,-0.00250379,-0.00440841,0.999961,0.0088206,-0.00107537,-0.00882056,0.999961,3.99679e-05,0.00107568,-3.0481e-05,0.999999
201,202,0.0106952,-0.00284725,-0.00579713,0.99997,0.00761596,-0.00155022,-0.00761799,0.99997,-0.00131357,0.00154017,0.00132534,0.999998
202,203,0.0107536,-0.00320484,-0.00518069,0.999968,0.0080472,-0.000203535,-0.0080471,0.999968,0.000448819,0.00020714,-0.000447167,1
203,204,0.0111929,-0.000834658,-0.0050316,0.999997,0.002551,-0.000123711,-0.00255121,0.999995,-0.00177102,0.000119192,0.00177133,0.999998
204,205,0.0123854,-0.00111302,-0.00588896,0.999988,0.00450499,-0.00187104,-0.00450286,0.999989,0.00113935,0.00187615,-0.00113091,0.999998
205,206,0.0128673,-2.84778e-05,-0.0052883,0.999999,0.00140982,0.00081503,-0.001411,0.999998,0.00144346,-0.000812993,-0.00144461,0.999999
206,207,0.00977887,0.00160013,-0.00391766,0.999991,-0.00417804,-0.000282869,0.00417911,0.999984,0.00391189,0.00026652,-0.00391304,0.999992
207,208,0.00912213,-0.00259124,-0.00229422,0.999997,-0.00233873,-0.00118902,0.00234507,0.999983,0.00536026,0.00117646,-0.00536303,0.999985
208,209,0.0135351,0.00388995,-0.00647564,0.999964,-0.00710893,-0.00467554,0.0071182,0.999973,0.00197088,0.0046614,-0.00200409,0.999987
209,210,0.00982895,-0.00226222,-0.00369732,0.999989,-0.00463146,-0.000500989,0.00463608,0.999943,0.00966536,0.000456196,-0.00966758,0.999953
210,211,0.00682405,0.000668785,-0.00288237,0.999973,-0.00736534,0.000567285,0.00736152,0.999952,0.00646413,-0.000614869,-0.00645978,0.999979
211,212,0.00900264,-0.000937854,-0.00441348,0.999975,-0.00499535,-0.00509866,0.00502374,0.999972,0.00557081,0.00507069,-0.00559628,0.999971
212,213,0.00614445,-0.00757839,-0.000889213,0.999992,0.00407805,-0.000604644,-0.00407254,0.999953,0.00883873,0.00064066,-0.00883619,0.999961
213,214,0.00668624,-0.00475079,-0.0024335,0.999971,0.00703759,0.00295828,-0.00703054,0.999972,-0.00238838,-0.00297501,0.00236751,0.999993
214,215,0.00787055,0.00463039,-0.00697047,0.999999,0.00116736,-0.000128619,-0.00116853,0.999955,-0.0094431,0.000117589,0.00944324,0.999955
215,216,0.0084788,0.000949528,-0.0069867,0.999986,-0.00136031,-0.00510578,0.00135879,0.999999,-0.000302689,0.00510619,0.000295747,0.999987
216,217,0.0046102,-0.00315173,-0.00211354,0.999995,0.00199679,-0.00244046,-0.0019935,0.999997,0.00134955,0.00244314,-0.00134468,0.999996
217,218,0.00641112,-0.00261622,-0.00432596,0.999983,0.00565345,-0.00125561,-0.00566028,0.999969,-0.00550337,0.00122446,0.00551038,0.999984
218,219,0.00720274,0.00178645,-0.00666514,0.999993,0.00243612,-0.00271759,-0.00244976,0.999984,-0.0050287,0.0027053,0.00503532,0.999984
219,220,0.00586705,-0.00514755,-0.00361306,0.999963,0.0085733,-0.000719967,-0.008572,0.999962,0.00179728,0.000735348,-0.00179104,0.999998
220,221,0.00752086,0.00114089,-0.00505297,0.999985,0.00548166,-0.000183259,-0.00548245,0.999974,-0.00466336,0.000157691,0.00466429,0.999989
221,222,0.00645884,0.00363455,-0.00415772,0.999983,-0.0032899,-0.00483975,0.00328946,0.999995,-9.69279e-05,0.00484004,8.10061e-05,0.999988
222,223,0.00319524,-0.00651309,0.00114984,0.999986,0.00308968,-0.0043314,-0.00306646,0.999981,0.00535876,0.00434787,-0.0053454,0.999976
223,224,0.00550161,-0.00711375,-0.000569338,0.999957,0.00906995,-0.0018192,-0.00907109,0.999959,-0.000619798,0.00181351,0.000636273,0.999998
224,225,0.00668525,-0.000432277,-0.00181248,0.999998,0.0012248,0.00130819,-0.00121676,0.99998,-0.00612654,-0.00131567,0.00612493,0.99998
225,226,0.00326403,0.00126122,-8.54293e-05,0.999994,-0.00310881,-0.00120689,0.00310156,0.999977,-0.00595898,0.00122538,0.00595521,0.999982
226,227,0.0060899,-0.0011813,-0.0015947,0.999967,-0.00518863,-0.00628361,0.00516407,0.999979,-0.00391837,0.00630381,0.00388579,0.999973
227,228,0.00633189,-0.00166743,-0.000295765,0.999985,-0.0034174,-0.00424608,0.00341121,0.999993,-0.00146417,0.00425105,0.00144966,0.99999
228,229,0.00511436,-0.00179848,0.00100145,0.999995,-0.00093078,-0.00315641,0.000923122,0.999997,-0.00242674,0.00315866,0.00242382,0.999992
229,230,0.00780016,-0.000570359,0.000204057,0.999982,0.00352791,-0.00492124,-0.00353685,0.999992,-0.00180875,0.00491482,0.00182612,0.999986
230,231,0.00771,-0.00108907,0.00128263,0.999965,0.00810454,-0.00183447,-0.0081066,0.999967,-0.00112011,0.00182533,0.00113495,0.999998
231,232,0.00591834,0.000473003,0.00203465,0.999989,0.00463004,-0.000438092,-0.00463022,0.999989,-0.000403379,0.00043622,0.000405403,1
232,233,0.00393351,-0.0013355,0.00427335,0.999992,0.0031378,-0.0026032,-0.00314287,0.999993,-0.00194459,0.00259708,0.00195275,0.999995
233,234,0.0087223,0.00186697,0.000713177,0.999966,-0.00144356,-0.00813755,0.00140853,0.99999,-0.00430938,0.00814369,0.00429777,0.999958
234,235,0.0125752,-0.00395471,0.00839663,0.999947,0.00607636,-0.00832311,-0.00608047,0.999981,-0.000467786,0.00832012,0.00051837,0.999965
235,236,0.0169324,-0.00215381,0.00716296,0.999932,0.00901791,-0.007408,-0.00906315,0.99994,-0.00609597,0.00735258,0.00616269,0.999954
236,237,0.00744544,0.0011528,0.00544107,0.999999,0.00131887,-0.000289998,-0.00132079,0.999976,-0.00672853,0.000281117,0.00672891,0.999977
237,238,0.0111257,0.00449143,0.00125426,0.999982,-0.00357534,-0.00485301,0.00354283,0.999971,-0.00669085,0.00487679,0.00667353,0.999966
238,239,0.0123895,0.00122041,0.00328375,0.999995,-0.000508919,-0.00297455,0.000520363,0.999992,0.0038479,0.00297257,-0.00384943,0.999988
239,240,0.00803036,0.000151344,0.00669236,0.999988,0.00373884,0.0030402,-0.00375559,0.999978,0.00552494,-0.00301948,-0.00553629,0.99998
240,241,0.0102572,0.00204375,0.00584852,0.999993,0.00356464,0.000773609,-0.00356687,0.999989,0.00289602,-0.000763278,-0.00289876,0.999996
241,242,0.010215,-0.00141845,0.00772529,0.999987,0.00264614,0.00444265,-0.00267111,0.999981,0.00562393,-0.00442769,-0.00563572,0.999974
242,243,0.0097195,0.00162856,0.00621358,0.99998,0.000637001,0.00627449,-0.000649143,0.999998,0.0019334,-0.00627324,-0.00193744,0.999978
243,244,0.00840091,0.0029171,0.00657395,0.999982,-0.00402814,0.00435442,0.0040274,0.999992,0.000177051,-0.0043551,-0.00015951,0.999991
244,245,0.00962448,-0.00059848,0.00622463,0.99996,-0.00821453,0.00356674,0.00820956,0.999965,0.00140621,-0.00357817,-0.00137688,0.999993
245,246,0.00858251,-9.50113e-05,0.00672243,0.999954,-0.00881042,0.00371021,0.00881363,0.999961,-0.000848975,-0.00370259,0.000881636,0.999993
246,247,0.00814506,0.0025753,0.0054768,0.999916,-0.01295,0.000966633,0.0129537,0.999909,-0.00389302,-0.00091613,0.00390521,0.999992
247,248,0.00937154,0.00196905,0.00377614,0.99993,-0.0112776,-0.00366413,0.0112731,0.999936,-0.00124314,0.00367791,0.00120175,0.999993
248,249,0.00952417,-0.000414333,0.00640213,0.99998,-0.00625916,-0.000130251,0.00625981,0.999963,0.00584336,9.36712e-05,-0.00584407,0.999983
249,250,0.00499391,0.000846602,0.00885718,0.99999,-0.00411846,0.00172322,0.00412021,0.999991,-0.00101346,-0.00171903,0.00102055,0.999998
250,251,0.0082496,0.000437128,0.0039898,0.999994,-0.00081705,-0.0034691,0.000805292,0.999994,-0.00338926,0.00347184,0.00338644,0.999988
251,252,0.00979867,0.000517037,0.00474811,0.999998,0.00205177,-6.31714e-05,-0.00205171,0.999997,0.000998758,6.52205e-05,-0.000998626,0.999999
252,253,0.00568019,0.00369679,0.00711972,0.999999,-0.000599801,0.0011505,0.000603527,0.999995,-0.00324064,-0.00114855,0.00324133,0.999994
253,254,0.00894201,0.00544061,0.000510625,0.999965,-0.004582,-0.00700181,0.00454699,0.999977,-0.00500788,0.0070246,0.00497587,0.999963
254,255,0.00667153,0.00086593,0.00568376,0.999968,-0.00476267,-0.00638747,0.00480009,0.999971,0.00585578,0.0063594,-0.00588626,0.999962
255,256,0.00505031,-0.00210721,0.0075064,0.999989,0.000531601,-0.00460097,-0.000524713,0.999999,0.00149817,0.00460176,-0.00149574,0.999988
256,257,0.00893162,0.000704963,0.00240734,0.999992,-0.000402354,-0.00403977,0.000389533,0.999995,-0.00317394,0.00404103,0.00317234,0.999987
257,258,0.00717367,0.00123571,0.0050509,0.999981,-0.00328168,-0.00517163,0.00328078,0.999995,-0.000183271,0.0051722,0.000166301,0.999987
258,259,0.00616401,-0.00226718,0.00721684,0.99999,-0.000936339,-0.00433238,0.000931381,0.999999,-0.00114611,0.00433345,0.00114207,0.99999
259,260,0.00872435,-0.00154678,0.00499346,0.999992,0.000577648,-0.00402453,-0.000585859,0.999998,-0.00203939,0.00402335,0.00204174,0.99999
260,261,0.00823782,-4.36124e-05,0.00548349,0.999995,0.000834546,-0.00320971,-0.000840055,0.999998,-0.0017155,0.00320827,0.00171819,0.999993
261,262,0.00964947,0.000102624,0.0058378,0.999979,-0.00333323,-0.00563712,0.00334914,0.99999,0.00281494,0.00562768,-0.00283376,0.99998
262,263,0.00736179,-0.00435481,0.00953554,0.999988,0.00363959,-0.00329802,-0.00362192,0.999979,0.00534789,0.00331741,-0.00533588,0.99998
263,264,0.0106285,-0.00377936,0.00885804,0.99996,0.00890854,0.000888794,-0.00890894,0.99996,0.000449508,-0.000884755,-0.000457408,1
264,265,0.0113343,0.00229707,0.00672079,0.999996,0.00247172,0.00141313,-0.00247013,0.999996,-0.00112825,-0.00141591,0.00112476,0.999998
265,266,0.00814672,0.0012623,0.00924238,0.999993,-0.00225295,-0.00313045,0.00225179,0.999997,-0.000373829,0.00313129,0.000366777,0.999995
266,267,0.0102579,-0.00348807,0.0072334,0.999988,-0.00016717,-0.00482382,0.00017639,0.999998,0.00191088,0.00482349,-0.00191171,0.999987
267,268,0.0102277,-0.00229809,0.00808956,0.999999,-0.00117639,-8.92167e-05,0.00117663,0.999996,0.00263624,8.6115e-05,-0.00263634,0.999997
268,269,0.0090463,8.33815e-05,0.00892256,0.999999,0.00076668,-0.00106463,-0.00076721,1,-0.000497135,0.00106425,0.000497951,0.999999
269,270,0.0104409,-0.000405134,0.00687282,0.999994,0.00191041,-0.00289789,-0.00191059,0.999998,-5.98836e-05,0.00289777,6.542e-05,0.999996
270,271,0.010904,-0.00188752,0.00822602,0.999992,0.00354991,0.00202944,-0.00355736,0.999987,0.00367851,-0.00201636,-0.00368569,0.999991
271,272,0.0088903,-0.00167693,0.00975576,0.999981,0.00394419,0.00483783,-0.00395688,0.999989,0.00261491,-0.00482746,-0.002634,0.999985
272,273,0.00880478,0.000218505,0.00821297,0.999995,0.00305778,0.00076019,-0.00305543,0.999991,-0.00307328,-0.00076958,0.00307094,0.999995
273,274,0.012141,0.00110625,0.00541433,1,0.000490324,0.000116546,-0.000490397,1,0.000632742,-0.000116236,-0.000632799,1
274,275,0.00723947,-0.00258081,0.0104354,0.999995,-0.000357671,0.00301591,0.00035178,0.999998,0.0019535,-0.00301661,-0.00195243,0.999994
275,276,0.00977853,-0.00116021,0.00578188,0.999998,-0.00147848,-0.0014958,0.00147389,0.999994,-0.00306978,0.00150033,0.00306756,0.999994
276,277,0.0108863,-0.00149405,0.00443795,1,-0.000470466,-0.000692672,0.000470577,1,0.000160493,0.000692596,-0.000160819,1
277,278,0.00688427,-0.00472099,0.00904658,0.999996,0.000542168,0.00280821,-0.000543776,1,0.00057196,-0.0028079,-0.000573485,0.999996
278,279,0.0104716,-0.000729201,0.00384172,0.999995,0.00226894,-0.00226059,-0.00228515,0.999972,-0.00719208,0.00224421,0.00719721,0.999972
279,280,0.0107816,-8.80974e-05,0.00264813,0.999999,-0.000772591,-0.000839756,0.000772045,0.999999,-0.000650122,0.000840257,0.000649474,0.999999
280,281,0.00645068,-0.00264625,0.00711649,1,-0.000107169,-0.000516787,0.000106985,1,-0.000355292,0.000516825,0.000355236,1
281,282,0.00763061,-0.00211724,0.00408997,0.999978,0.00567216,-0.00343336,-0.00568832,0.999973,-0.0047175,0.0034065,0.00473692,0.999983
282,283,0.00809038,-0.0014533,0.00278998,0.999981,0.00610426,0.000116207,-0.00610408,0.99998,-0.00147859,-0.00012523,0.00147785,0.999999
283,284,0.0140679,-0.00236845,0.0101796,0.999979,0.000660926,-0.00652323,-0.000686319,0.999992,-0.00389129,0.00652061,0.00389569,0.999971
284,285,0.00709122,-0.00249113,0.00374267,0.999979,0.00469483,-0.00442842,-0.00470064,0.999988,-0.00130248,0.00442225,0.00132327,0.999989
285,286,0.0064369,-0.00243268,0.0054975,0.999966,0.00824808,0.000807559,-0.00824848,0.999966,0.000486936,-0.000803515,-0.000493581,1
286,287,0.00706763,-0.00184076,0.00662404,0.999967,0.00809672,-0.000854173,-0.0081001,0.999959,-0.00402447,0.000821553,0.00403125,0.999992
287,288,0.00822246,-0.00146694,0.000704812,0.999992,0.00270037,-0.00302689,-0.00270439,0.999995,-0.00132606,0.00302329,0.00133423,0.999995
288,289,0.00732936,-0.000701598,0.00550557,0.999987,0.00219752,-0.00452156,-0.0021799,0.99999,0.00389784,0.00453008,-0.00388794,0.999982
289,290,0.00532288,-0.00239968,0.00476745,0.999987,0.00401993,-0.00298467,-0.00402329,0.999991,-0.00112084,0.00298014,0.00113283,0.999995
290,291,0.00773339,7.71824e-05,0.00103946,0.99999,0.000536226,-0.00440657,-0.000548577,0.999996,-0.00280205,0.00440505,0.00280444,0.999986
291,292,0.00610818,-0.00121755,0.00349303,0.999992,0.00139093,-0.00383466,-0.0013869,0.999998,0.00105343,0.00383612,-0.0010481,0.999992
292,293,0.00715776,-0.00114639,0.00400503,0.99998,-0.00126,-0.00622748,0.00125089,0.999998,-0.00146668,0.00622932,0.00145886,0.99998
