frame1, frame2, tx, ty, tz, r11, r12, r13, r21, r22, r23, r31, r32, r33
0,1,0.00384466,-0.00602384,0.00347219,0.999999,-0.000115709,-0.00151276,0.000115503,1,-0.000136279,0.00151277,0.000136104,0.999999
1,2,-0.00123435,-0.00478949,-0.00410307,0.999999,-0.00056837,-0.000948101,0.000567842,1,-0.000557654,0.000948417,0.000557115,0.999999
2,3,-0.00550527,-0.00418063,0.00110917,1,-0.000738883,0.000366272,0.000739101,1,-0.000594355,-0.000365832,0.000594625,1
3,4,-0.0049867,0.00357601,0.0043878,1,0.000379822,0.000709959,-0.000377039,0.999992,-0.00391648,-0.000711441,0.00391621,0.999992
4,5,-0.00516097,0.00415906,0.00409205,0.999997,-0.000249217,0.00252076,0.000258202,0.999994,-0.0035648,-0.00251985,0.00356544,0.99999
5,6,0.00808843,-0.00716065,-0.000830041,0.999975,-0.00494926,-0.00504975,0.00495636,0.999987,0.00139505,0.00504278,-0.00142005,0.999986
6,7,0.00532097,0.0117474,0.0018134,0.999954,-0.00676046,-0.00686342,0.00672529,0.999964,-0.00513464,0.00689789,0.00508825,0.999963
7,8,0.0093658,0.00190366,0.00320797,0.999948,0.003222,-0.00963539,-0.00319269,0.99999,0.00305549,0.00964514,-0.00302457,0.999949
8,9,-0.00719742,-0.00089087,0.00361751,0.99997,0.00770349,6.4269e-05,-0.00770362,0.999967,0.00240433,-4.57452e-05,-0.00240475,0.999997
9,10,-0.00949534,-0.000490262,-0.00384907,1,0.0008328,0.000426214,-0.000832309,0.999999,-0.00115126,-0.000427172,0.0011509,0.999999
10,11,0.00456257,-0.00585307,-0.00111769,0.99995,-0.00471245,-0.00886349,0.0047287,0.999987,0.00181333,0.00885483,-0.00185515,0.999959
11,12,-0.0298453,0.0229827,0.00551345,0.999913,0.00213876,0.0130428,-0.00200874,0.999948,-0.00997385,-0.0130634,0.00994678,0.999865
12,13,-0.0170607,0.00794258,0.00361313,0.999907,0.000171948,0.013634,-0.000132711,0.999996,-0.0028788,-0.0136344,0.00287672,0.999903
13,14,0.0448797,-0.020836,-0.0108505,0.999744,-0.00598898,-0.0218289,0.00615638,0.999952,0.00760997,0.0217823,-0.0077424,0.999733
14,15,0.00454873,0.0142093,0.0012235,0.999985,-0.00291205,-0.00462995,0.00288436,0.999978,-0.00597564,0.00464725,0.0059622,0.999971
15,16,-7.25813e-05,-0.00397211,0.00460528,0.999994,0.00259992,0.00247679,-0.00260896,0.99999,0.00365406,-0.00246726,-0.0036605,0.99999
16,17,0.0065738,-0.00945138,-0.00175802,0.999994,0.0030761,-0.00172131,-0.00307023,0.99999,0.0034016,0.00173175,-0.00339629,0.999993
17,18,-0.00301501,0.0117837,0.00155436,1,-0.000546359,0.000187431,0.000546917,0.999995,-0.0029924,-0.000185795,0.0029925,0.999996
18,19,0.0107704,-0.00612068,0.00517163,0.999991,0.00161279,-0.00384511,-0.00159543,0.999989,0.00451144,0.00385234,-0.00450526,0.999982
19,20,0.018496,0.0018996,0.00177933,0.999961,0.00312276,-0.0082034,-0.00313035,0.999995,-0.000911745,0.00820051,0.00093739,0.999966
20,21,-0.000107588,-0.00227663,0.000607704,0.999992,0.00395814,0.000196396,-0.00395883,0.999985,0.00367569,-0.000181844,-0.00367643,0.999993
21,22,0.0120713,-0.00558411,1.44837e-05,0.999979,0.00373116,-0.00535753,-0.00371637,0.999989,0.00276768,0.0053678,-0.00274771,0.999982
22,23,0.00630977,-0.00401028,0.000657641,0.999989,0.00242229,-0.00410389,-0.0024239,0.999997,-0.000385651,0.00410295,0.000395594,0.999992
23,24,-0.00603962,0.00441998,0.000468407,0.999977,0.00577372,0.00358302,-0.00576047,0.999977,-0.00369818,-0.00360429,0.00367745,0.999987
24,25,0.00549745,0.00124016,-0.00284457,0.999993,0.00369201,-0.000731429,-0.003694,0.999989,-0.00273356,0.000721329,0.00273624,0.999996
25,26,0.0140197,-0.00743577,0.000816343,0.999971,0.000801878,-0.00762914,-0.000778679,0.999995,0.00304335,0.00763154,-0.00303732,0.999966
26,27,-0.0256346,0.0169749,0.00498394,0.999869,0.00392379,0.0156783,-0.00379036,0.999956,-0.00853132,-0.0157111,0.00847078,0.999841
27,28,0.01692,-0.00311283,-0.00262103,0.999992,-0.00129419,-0.00390516,0.0013036,0.999996,0.0024073,0.00390203,-0.00241237,0.999989
28,29,0.0278515,-0.0109142,-0.000197221,0.999884,-0.00068201,-0.0152025,0.000779764,0.999979,0.00642514,0.0151978,-0.00643625,0.999864
29,30,-0.000472366,0.0014998,0.00423798,0.999983,0.00583534,-1.95888e-05,-0.00583536,0.999982,-0.00151474,1.07495e-05,0.00151483,0.999999
30,31,0.0290525,-0.0126726,-0.000408518,0.999901,0.00334829,-0.0136395,-0.00328274,0.999983,0.0048253,0.0136554,-0.00478005,0.999895
31,32,0.0390065,-0.0229551,-0.00103717,0.999743,0.00346975,-0.0223969,-0.00325876,0.99995,0.00945018,0.0224286,-0.00937476,0.999704
32,33,-0.0055174,0.00391093,0.00229459,0.999966,0.00821823,-0.00113051,-0.00822215,0.99996,-0.00351108,0.00110161,0.00352026,0.999993
33,34,-0.038415,0.0255929,0.00728904,0.99975,0.00711741,0.0211989,-0.00689661,0.999921,-0.0104704,-0.0212718,0.0103216,0.99972
34,35,0.0192905,-0.0131894,-0.00629959,0.999976,0.00313026,-0.00622704,-0.00310563,0.999987,0.00395994,0.00623936,-0.0039405,0.999973
35,36,0.0169799,-0.00428278,-0.00287322,0.999947,0.00263564,-0.00992048,-0.00264618,0.999996,-0.001049,0.00991767,0.0010752,0.99995
36,37,-0.0311366,0.0161239,-0.0114194,0.99985,0.0074041,0.0156435,-0.00726538,0.999934,-0.00890593,-0.0157084,0.00879094,0.999838
37,38,0.00531026,-0.00742942,-0.00856916,0.999958,0.000966705,0.00907458,-0.000995412,0.999995,0.00315947,-0.00907148,-0.00316837,0.999954
38,39,-0.0154165,-0.0193864,-0.0504969,0.999701,-0.024427,0.00117026,0.0244269,0.999702,0.000158494,-0.00117378,-0.000129861,0.999999
39,40,0.0109125,0.0177729,0.0139019,0.99989,0.00321007,-0.0145093,-0.00329971,0.999976,-0.00615832,0.0144891,0.00620551,0.999876
40,41,-0.0441321,0.0447708,0.0101069,0.999654,0.014067,0.0222211,-0.0136832,0.999756,-0.0173292,-0.0224595,0.0170192,0.999603
41,42,0.0172196,-0.00755621,-0.00627683,0.999964,0.00137117,-0.00839787,-0.00132103,0.999981,0.00597266,0.0084059,-0.00596135,0.999947
42,43,0.00661109,0.000195913,-0.00104295,0.999958,-0.00574086,-0.00714054,0.00577073,0.999975,0.0041687,0.00711643,-0.00420973,0.999966
43,44,-0.0465308,0.0364867,0.00397409,0.999698,0.00271621,0.0244162,-0.00237872,0.999901,-0.0138411,-0.0244514,0.0137788,0.999606
44,45,-0.0276195,0.0112758,-0.00540894,0.999753,0.00294338,0.0220283,-0.00281294,0.999978,-0.00594996,-0.0220453,0.00588652,0.99974
45,46,0.0286477,-0.0114753,-0.00765324,0.999925,-0.00826764,-0.00906643,0.00828939,0.999963,0.00236469,0.00904654,-0.00243967,0.999956
46,47,0.0306228,-0.0119869,-0.00160764,0.99984,-0.00861076,-0.0156831,0.00864663,0.99996,0.00222067,0.0156633,-0.00235592,0.999875
47,48,0.00891868,0.0012738,0.00472453,0.999985,0.00146471,-0.00529855,-0.00148419,0.999992,-0.00367492,0.00529312,0.00368273,0.999979
48,49,-0.0119667,-0.00180514,0.00246803,0.999934,0.00441801,0.0105977,-0.00440679,0.99999,-0.00108176,-0.0106024,0.00103499,0.999943
49,50,0.0140294,0.00187541,-0.00814288,0.999983,-0.00345236,-0.00470391,0.00343777,0.999989,-0.00310661,0.00471458,0.00309039,0.999984
50,51,0.00952528,0.00334181,0.00175929,0.99998,-0.00379624,-0.00509135,0.00379113,0.999992,-0.00101245,0.00509516,0.000993126,0.999987
51,52,0.00011585,0.0135099,0.00197052,0.99999,0.00350161,0.00278307,-0.00347862,0.99996,-0.00822327,-0.00281176,0.0082135,0.999962
52,53,0.00522639,-0.00610528,-0.00675959,1,0.000332505,0.000892473,-0.000333466,0.999999,0.00107757,-0.000892114,-0.00107787,0.999999
53,54,0.0254785,-0.0130133,-0.0066678,0.999886,-0.00360629,-0.0146922,0.00366931,0.999984,0.00426489,0.0146765,-0.00431831,0.999883
54,55,-0.00251543,0.00698113,0.00704932,1,-0.000783011,-0.000253444,0.000782642,0.999999,-0.00145424,0.000254583,0.00145405,0.999999
55,56,0.000687861,-0.00376163,0.000435787,0.999988,0.00341695,0.00345248,-0.00342173,0.999993,0.00138028,-0.00344774,-0.00139208,0.999993
56,57,0.0380758,-0.0198124,-0.0186373,0.999793,0.00204528,-0.020243,-0.00192119,0.999979,0.00614787,0.0202552,-0.00610771,0.999776
57,58,0.00129818,0.00859432,0.00381841,0.999995,-0.00143028,-0.00279797,0.00143486,0.999998,0.00163602,0.00279562,-0.00164003,0.999995
58,59,0.00130499,0.00308468,-0.00670698,0.999991,0.00122471,0.00407656,-0.00122223,0.999999,-0.000611975,-0.00407731,0.000606987,0.999992
59,60,0.00485877,-0.0134307,-0.00449725,0.999978,-0.00451909,-0.00491628,0.00454737,0.999973,0.00575713,0.00489013,-0.00577936,0.999971
60,61,0.000217854,0.00606654,0.0051509,0.999998,-0.00032715,-0.00182054,0.000321552,0.999995,-0.00307445,0.00182154,0.00307386,0.999994
61,62,0.00219743,-0.000888973,0.000116473,1,0.000471475,-0.000383055,-0.000471724,1,-0.000651622,0.000382748,0.000651803,1
62,63,0.00288066,0.00188817,-0.000116013,0.999997,-0.00157319,-0.00189624,0.001568,0.999995,-0.00273533,0.00190054,0.00273235,0.999994
63,64,3.76167e-05,0.0150524,-0.00040675,0.999987,-0.00473585,-0.00190759,0.00472494,0.999973,-0.00568479,0.00193446,0.00567571,0.999982
64,65,0.00811807,0.00128185,0.00354206,0.99999,-0.000849753,-0.00446359,0.000853204,0.999999,0.000771222,0.00446293,-0.000775022,0.99999
65,66,-0.0109763,0.0154253,0.00147231,0.999966,0.00540193,0.00621554,-0.00535738,0.99996,-0.00716222,-0.00625398,0.00712867,0.999955
66,67,0.00670092,-0.0113543,-0.00277455,0.999996,0.0023444,-0.0015429,-0.0023347,0.999978,0.00625623,0.00155753,-0.0062526,0.999979
67,68,0.0134721,-0.00628257,0.00123737,0.999991,0.000912152,-0.00419799,-0.000899497,0.999995,0.00301542,0.00420072,-0.00301162,0.999987
68,69,0.00788674,-0.00780844,-0.00163701,0.999997,0.00132914,-0.00201163,-0.00132633,0.999998,0.00140047,0.00201349,-0.0013978,0.999997
69,70,0.00309025,0.00397241,-0.00140948,0.999999,0.000927231,0.000649907,-0.000925344,0.999995,-0.00289887,-0.000652592,0.00289826,0.999996
70,71,0.0049918,-0.00159144,4.67921e-05,0.999998,0.000743072,0.00165846,-0.000739959,0.999998,-0.00187678,-0.00165985,0.00187555,0.999997
71,72,0.0157681,-0.00488215,-0.00938855,0.999976,0.00169762,-0.00665887,-0.00171368,0.999996,-0.00240637,0.00665476,0.00241773,0.999975
72,73,0.0121687,-0.00459827,-0.00323046,0.999973,0.00244842,-0.00698703,-0.00243989,0.999996,0.00122863,0.00699002,-0.00121155,0.999975
73,74,-3.83832e-05,0.0019421,0.00102433,0.999956,0.00937497,0.000928593,-0.0093722,0.999952,-0.00294033,-0.000956114,0.0029315,0.999995
74,75,-0.00508634,0.00660688,-0.0058318,0.999965,0.00616773,0.00563816,-0.00612805,0.999957,-0.00702838,-0.00568126,0.00699358,0.999959
75,76,0.010533,0.00389298,-0.007766,0.999984,-4.24791e-05,-0.00571914,5.04374e-05,0.999999,0.00139138,0.00571907,-0.00139164,0.999983
76,77,-0.00258623,0.00472759,0.00568019,0.999981,0.00514423,0.00333935,-0.00515525,0.999981,0.003301,-0.00332231,-0.00331815,0.999989
77,78,-0.00649542,0.00130185,0.00216171,0.999913,0.00747076,0.0108675,-0.0074712,0.999972,-3.05511e-07,-0.0108672,-8.08878e-05,0.999941
78,79,0.00541335,0.00352547,-0.00841088,0.999997,-0.00178478,0.00137345,0.00178819,0.999995,-0.00248716,-0.001369,0.00248961,0.999996
79,80,0.0105865,0.00998078,0.00315851,0.999983,-0.00560188,-0.00140541,0.00560047,0.999984,-0.00100972,0.00141105,0.00100183,0.999999
80,81,0.00556376,-0.00520753,-0.00296137,0.99999,-0.00082124,0.00430766,0.000808963,0.999996,0.00285108,-0.00430998,-0.00284756,0.999987
81,82,-0.00375194,-0.00219081,-0.00141723,0.99997,-0.001663,0.00756489,0.00166973,0.999998,-0.000883295,-0.0075634,0.0008959,0.999971
82,83,-0.000897214,-0.00690337,-0.00577867,0.999993,-0.00355511,0.000632906,0.00355548,0.999994,-0.000583939,-0.000630826,0.000586186,1
83,84,0.00122765,0.000836175,0.00220486,0.999997,-0.00225015,-0.00101937,0.00224789,0.999995,-0.00221349,0.00102435,0.00221119,0.999997
84,85,0.00114295,0.00199348,0.00325345,0.999999,0.00110331,0.00106761,-0.00110145,0.999998,-0.00174143,-0.00106953,0.00174025,0.999998
85,86,-0.00437578,-0.00228659,-0.00643357,0.999998,0.000765238,0.00167078,-0.000761612,0.999997,-0.00217013,-0.00167244,0.00216886,0.999996
86,87,0.00586722,0.00445313,-0.00221486,0.999973,-0.00384904,-0.00625358,0.00382552,0.999986,-0.00376773,0.00626799,0.00374371,0.999973
87,88,-0.0131408,0.0126479,0.0059789,0.999977,0.00126568,0.00664849,-0.0012217,0.999977,-0.00661462,-0.00665672,0.00660634,0.999956
88,89,-0.000591045,-0.00153908,0.000270771,0.99999,0.00119519,0.00437539,-0.00119346,0.999999,-0.000397951,-0.00437586,0.000392725,0.99999
89,90,0.0229941,-0.0112447,-0.0047758,0.999934,-0.00106343,-0.0114094,0.00108832,0.999997,0.00217488,0.0114071,-0.00218716,0.999933
90,91,0.00139968,0.00755376,0.00642211,0.999997,0.000232852,-0.00228931,-0.000241194,0.999993,-0.0036443,0.00228845,0.00364484,0.999991
91,92,-0.00025669,0.000513297,0.00360009,0.999987,0.000759988,0.00498609,-0.000765664,0.999999,0.00113656,-0.00498522,-0.00114037,0.999987
92,93,0.0107759,-0.0178506,-0.0088707,0.999996,-0.00152634,-0.00254337,0.00154297,0.999977,0.00655138,0.00253331,-0.00655528,0.999975
93,94,0.000683509,-0.00243349,0.00179828,0.999994,-0.00337429,-0.000769266,0.00337391,0.999994,-0.00049481,0.000770931,0.000492212,1
94,95,0.00807362,0.000705802,0.000705926,0.999995,0.0015601,-0.00285509,-0.00156876,0.999994,-0.0030341,0.00285034,0.00303857,0.999991
95,96,0.0103934,0.00831032,0.00095132,0.99998,0.00319626,-0.00541341,-0.00322763,0.999978,-0.00579591,0.00539476,0.00581327,0.999969
96,97,0.00571243,0.0016829,0.0029264,0.999996,0.000520594,-0.00289903,-0.000515157,0.999998,0.00187586,0.0029,-0.00187435,0.999994
97,98,0.00981796,-0.00265557,0.00327069,0.999994,-0.000947938,-0.00336402,0.000961246,0.999992,0.00395655,0.00336024,-0.00395976,0.999987
98,99,0.00375505,0.00577344,-0.00293757,0.999997,0.00190894,-0.00160022,-0.00191165,0.999997,-0.00169854,0.00159697,0.00170159,0.999997
99,100,0.0132342,-0.00239134,0.000655844,0.999961,0.00315048,-0.0081937,-0.00313632,0.999994,0.00174036,0.00819913,-0.00171459,0.999965
100,101,-0.0012524,-0.00710354,-0.00029992,0.999992,0.00395134,-0.000937506,-0.0039515,0.999992,-0.000168838,0.000936832,0.000172541,1
101,102,0.00321421,0.0110081,0.000463953,0.999985,-0.00287619,-0.00460943,0.00284614,0.999975,-0.00651123,0.00462805,0.00649801,0.999968
102,103,0.0192094,0.00115866,0.00980966,0.999951,-2.01853e-05,-0.00991758,4.09669e-05,0.999998,0.00209523,0.00991751,-0.00209554,0.999949
103,104,0.00568506,-0.00288347,0.00154953,0.999988,0.00483325,-0.00053658,-0.00483305,0.999988,0.000371397,0.000538369,-0.000368799,1
104,105,-0.00114103,0.000143755,0.00147234,1,-0.000662344,-0.000371659,0.000661487,0.999997,-0.00230269,0.000373183,0.00230244,0.999997
105,106,0.00766615,-0.000233357,0.00943384,0.999985,-0.00351126,-0.00418595,0.00351025,0.999994,-0.000248522,0.0041868,0.000233825,0.999991
106,107,0.00544021,0.00513615,0.00315701,0.999997,-0.00127535,-0.00217453,0.00126483,0.999988,-0.00483503,0.00218067,0.00483226,0.999986
107,108,0.00865188,-0.00704031,0.000369393,0.99998,0.00128793,-0.00617579,-0.00128754,0.999999,6.69682e-05,0.00617587,-5.90152e-05,0.999981
108,109,0.00175399,0.00129011,0.00348119,0.999995,0.00196623,-0.00234196,-0.00197675,0.999988,-0.00449703,0.00233309,0.00450163,0.999987
109,110,0.00373423,0.00831134,0.00482459,0.999996,-0.00253521,-0.000767797,0.00253139,0.999985,-0.00494101,0.000780312,0.00493905,0.999987
110,111,0.0110518,0.00146823,0.00307823,0.999985,-0.00280965,-0.00471645,0.00280161,0.999995,-0.00170959,0.00472122,0.00169636,0.999987
111,112,0.0294967,0.00385139,0.00356979,0.999859,0.00174721,-0.0166856,-0.00184355,0.999982,-0.00576028,0.0166752,0.00579023,0.999844
112,113,0.00693542,0.00363356,0.009095,0.99999,0.00163252,-0.00411834,-0.00164473,0.999994,-0.00296352,0.00411348,0.00297027,0.999987
113,114,0.00720529,-6.54866e-05,0.00312651,0.99999,-0.00133551,-0.00421298,0.00132614,0.999997,-0.00222578,0.00421594,0.00222017,0.999989
114,115,0.0105332,-0.00211232,-9.51404e-05,0.999974,0.00187261,-0.00701679,-0.00187813,0.999998,-0.000779633,0.00701531,0.000792791,0.999975
115,116,0.0184174,-0.00329912,0.00638066,0.999945,0.00359148,-0.00988404,-0.00360534,0.999993,-0.00138504,0.00987899,0.0014206,0.99995
116,117,0.024069,-0.0131819,0.0130991,0.999967,0.00132409,-0.0079653,-0.00132429,0.999999,-1.97632e-05,0.00796526,3.0311e-05,0.999968
117,118,0.0101923,-0.00173538,-0.00198347,0.999999,-0.000535051,-0.000959276,0.000536498,0.999999,0.00150879,0.000958467,-0.00150931,0.999998
118,119,0.00076782,-0.00124356,0.00451309,0.99999,-0.00411123,0.00162748,0.00411522,0.999989,-0.00245374,-0.00161737,0.00246041,0.999996
119,120,0.00530619,0.0192992,-0.000418879,0.999974,-0.00571724,-0.00430818,0.00566786,0.999919,-0.0113871,0.00437293,0.0113624,0.999926
120,121,0.0124369,0.00807787,0.00377972,0.999977,-0.000939991,-0.00674545,0.00095651,0.999997,0.00244613,0.00674313,-0.00245252,0.999974
121,122,-0.0372747,-0.0270966,0.0677919,0.999666,-0.00678076,0.0249233,0.00610318,0.999612,0.027163,-0.0250978,-0.0270018,0.99932
122,123,0.0095639,-0.00961212,0.0055174,0.999992,0.00280464,-0.00268373,-0.00278184,0.99996,0.0084607,0.00270735,-0.00845317,0.999961
123,124,0.00809133,-1.47812e-05,0.0112809,0.999999,0.00139407,0.000696351,-0.00139592,0.999995,0.00265816,-0.000692642,-0.00265913,0.999996
124,125,-0.00296556,0.00563229,-0.00286131,0.999988,-0.000851938,0.00486544,0.000856883,0.999999,-0.00101433,-0.00486457,0.00101849,0.999988
125,126,0.0165611,-0.00846971,0.0127931,0.999991,-0.00183439,-0.00384267,0.00188312,0.999917,0.0127156,0.00381903,-0.0127227,0.999912
126,127,0.00583998,-0.00095893,-0.00453088,0.999988,0.00445603,0.00213244,-0.00445744,0.99999,0.000657668,-0.00212949,-0.000667165,0.999998
127,128,0.0219775,-0.0201816,-0.00457178,0.999965,-4.86296e-05,-0.00841954,0.000140039,0.999941,0.0108566,0.00841852,-0.0108574,0.999906
128,129,0.00153962,-0.00922711,0.00131408,0.99999,0.00249798,0.00357494,-0.00251754,0.999982,0.00547925,-0.00356119,-0.00548819,0.999979
129,130,0.0164539,0.0112862,0.00572797,0.999987,0.00369445,-0.00358446,-0.00371014,0.999984,-0.00438069,0.00356821,0.00439393,0.999984
130,131,0.00590925,-0.00521962,-0.00343744,1,-0.000200451,0.000463232,0.000198443,0.999991,0.00433049,-0.000464096,-0.00433039,0.999991
131,132,-0.0079733,-0.00756324,-2.86213e-05,0.999991,0.00286388,0.00301196,-0.00287347,0.999991,0.00318655,-0.0030028,-0.00319517,0.99999
132,133,0.0112606,-0.00281979,-0.00639781,0.999935,-0.000761216,-0.0113499,0.000789285,0.999997,0.00246883,0.011348,-0.00247762,0.999933
133,134,0.0134712,-0.0162677,0.00777649,0.999972,-0.00102385,-0.00744804,0.00112,0.999916,0.012916,0.00743419,-0.012924,0.999889
134,135,0.00214342,-0.0119427,-0.000938257,0.99999,0.00382794,0.0023798,-0.00383251,0.999991,0.00191892,-0.00237243,-0.00192802,0.999995
135,136,-0.00486693,0.012305,-0.00374234,0.999996,-0.00210482,0.00182019,0.00212504,0.999935,-0.011178,-0.00179654,0.0111818,0.999936
136,137,0.0128869,0.00519473,0.00572429,0.999975,-0.00225484,-0.00672735,0.00222478,0.999988,-0.00447307,0.00673735,0.00445799,0.999967
137,138,0.000599735,0.00334625,0.00269558,0.999989,0.00353158,0.00312978,-0.00352013,0.999987,-0.00365339,-0.00314264,0.00364233,0.999988
138,139,0.00221416,0.00550961,-0.00710415,0.999977,0.00606313,-0.00291533,-0.0060764,0.999971,-0.00456449,0.00288757,0.00458211,0.999985
139,140,0.010663,-0.00126707,0.00631636,0.99996,0.00428575,-0.0079109,-0.00427139,0.999989,0.00183155,0.00791866,-0.00179768,0.999967
140,141,0.00936747,-0.0141672,0.0068948,0.999999,-1.73928e-05,0.00110689,6.72318e-06,0.999954,0.00963852,-0.00110701,-0.00963851,0.999953
141,142,-7.95769e-05,-0.00178756,-0.00611942,0.999987,-0.000614763,0.00501491,0.000616483,1,-0.000341539,-0.0050147,0.000344626,0.999987
142,143,0.0139954,-0.0122505,-0.00593956,0.99999,-0.00101221,-0.00439676,0.00102988,0.999991,0.00401915,0.00439265,-0.00402364,0.999982
143,144,0.0142077,0.000282751,0.00863792,0.999996,-0.00275519,0.00101127,0.00275433,0.999996,0.000845066,-0.00101359,-0.000842277,0.999999
144,145,0.0086256,0.011755,0.0177153,0.999997,-0.00241807,-0.000793392,0.00241618,0.999994,-0.00237865,0.000799139,0.00237673,0.999997
145,146,0.016155,-0.00158025,-0.00540447,0.999947,0.00502735,-0.0089732,-0.00501753,0.999987,0.00111721,0.0089787,-0.00107212,0.999959
146,147,0.0088894,-0.0165468,0.0051637,0.999987,0.00499828,-0.000606113,-0.00499273,0.999948,0.00884537,0.000650293,-0.00884224,0.999961
147,148,0.00283285,0.000828282,-0.00421974,0.999993,0.00107657,0.00371369,-0.00107647,0.999999,-3.00572e-05,-0.00371372,2.60593e-05,0.999993
148,149,0.00955104,0.0103508,0.00075435,0.999996,-0.0024252,-0.00147258,0.0024185,0.999987,-0.00453792,0.00148356,0.00453434,0.999989
149,150,0.00547474,0.00162074,0.00373019,0.999998,-0.000380695,0.00219823,0.000379362,1,0.000606845,-0.00219846,-0.00060601,0.999997
150,151,-0.00045716,-0.000789984,-0.00239743,0.999991,0.00173352,0.0039192,-0.0017366,0.999998,0.000781509,-0.00391784,-0.000788307,0.999992
151,152,0.0102314,-0.00392925,-0.00806911,0.999986,0.00299664,-0.00436368,-0.00300199,0.999995,-0.00122014,0.00436001,0.00123322,0.99999
152,153,0.0151999,-0.00586071,-0.00587664,0.999969,0.00426559,-0.00659831,-0.00426566,0.999991,2.70569e-06,0.00659826,2.54405e-05,0.999978
153,154,0.00164012,0.00116601,-0.00450945,0.999988,0.00474536,0.000758187,-0.00474227,0.999981,-0.00402139,-0.000777256,0.00401775,0.999992
154,155,0.0032665,-1.12673e-05,0.00102766,0.999999,-0.00104753,-0.00110239,0.0010445,0.999996,-0.00274332,0.00110526,0.00274217,0.999996
155,156,0.0026007,-0.00331454,-0.00215705,1,-0.000481385,-0.000544643,0.000481629,1,0.000448511,0.000544427,-0.000448773,1
156,157,0.0201833,0.00913685,-0.0036775,0.999892,0.00646283,-0.0131866,-0.0065643,0.999949,-0.00766607,0.0131364,0.00775181,0.999884
157,158,0.0132878,-0.0226766,0.00646245,0.999974,0.00567435,-0.00441868,-0.00562747,0.999929,0.0105499,0.00447823,-0.0105248,0.999935
158,159,-0.00820768,0.000180644,0.00443801,0.999951,-0.00378483,0.0091642,0.00379028,0.999993,-0.000577487,-0.00916195,0.000612193,0.999958
159,160,0.00458744,-0.00602372,0.00117963,0.999973,-0.00705592,-0.00196315,0.00706081,0.999972,0.00249351,0.0019455,-0.00250731,0.999995
160,161,0.0136962,-0.00182692,0.00313734,0.999981,0.000313003,-0.00615096,-0.000318847,0.999999,-0.000949259,0.00615066,0.000951202,0.999981
161,162,0.00717244,0.0170772,0.00074192,0.999975,0.00612984,-0.00366328,-0.00616499,0.999934,-0.00966071,0.00360382,0.00968304,0.999947
162,163,0.0135358,-0.00558481,-0.00205087,0.999952,0.00552004,-0.00812855,-0.00549889,0.999981,0.00262273,0.00814288,-0.00257791,0.999964
163,164,-0.00227284,-0.0102,0.0027385,0.999993,9.14513e-05,0.00361546,-0.000115831,0.999977,0.00674365,-0.00361476,-0.00674402,0.999971
164,165,0.0136043,0.00848227,-0.0076187,0.999978,-0.0024995,-0.00617135,0.00248276,0.999993,-0.00271946,0.00617811,0.00270408,0.999977
165,166,0.0128421,-0.00162794,0.00444961,0.999972,0.00409684,-0.006256,-0.00408874,0.999991,0.00130722,0.0062613,-0.0012816,0.99998
166,167,-0.00497138,0.00237994,0.000712831,0.999993,0.00121347,0.00341132,-0.00120666,0.999997,-0.00199784,-0.00341374,0.00199371,0.999992
167,168,-0.0120784,-0.00494281,-0.0068737,0.999996,0.00237068,0.00145506,-0.00237288,0.999996,0.00151384,-0.00145147,-0.00151729,0.999998
168,169,0.0129813,-0.00663175,0.00685643,0.999966,0.00150589,-0.00807414,-0.00149085,0.999997,0.00186778,0.00807693,-0.00185568,0.999966
169,170,0.00680909,-0.00666332,-0.00930922,0.999999,0.00115194,-0.000420088,-0.00115152,0.999999,0.00101016,0.000421251,-0.00100967,0.999999
170,171,0.0110808,0.00117428,-0.00848339,0.999977,-0.00164898,-0.00663661,0.00163306,0.999996,-0.00240443,0.00664054,0.00239353,0.999975
171,172,0.0193054,-0.00644918,0.000772481,0.999932,-0.000173915,-0.0116584,0.000187587,0.999999,0.00117167,0.0116582,-0.00117378,0.999931
172,173,-0.000790829,0.00124968,0.00512895,0.999988,0.00441956,0.00192327,-0.00441778,0.99999,-0.000925799,-0.00192734,0.000917292,0.999998
173,174,0.00814488,0.00529749,0.00241144,0.999993,0.00327161,-0.001714,-0.00327453,0.999993,-0.00170678,0.00170841,0.00171238,0.999997
174,175,0.00585072,-0.00762651,-0.00469962,0.999997,0.000121734,-0.00245108,-0.000112635,0.999993,0.00371219,0.00245152,-0.0037119,0.99999
175,176,0.0119166,-0.00322339,0.00356656,0.999993,0.00131587,-0.00337395,-0.00131015,0.999998,0.00169616,0.00337618,-0.00169173,0.999993
176,177,-0.00111059,-0.00191914,0.00253831,0.999972,0.00407233,0.00622702,-0.00407887,0.999991,0.00103877,-0.00622273,-0.00106414,0.99998
177,178,-0.00703816,-0.0102677,-0.0104232,0.999979,0.00111631,0.00636546,-0.00113557,0.999995,0.00302289,-0.00636205,-0.00303006,0.999975
178,179,0.00725274,0.0135391,-0.000765862,0.999988,-0.00258093,-0.00425817,0.0025524,0.999974,-0.00669264,0.00427533,0.00668169,0.999969
179,180,0.0178782,-0.00585771,0.00385504,0.999971,0.00297964,-0.00704548,-0.00295392,0.999989,0.003658,0.0070563,-0.00363708,0.999968
180,181,0.00309048,-0.00494429,-0.00850789,0.999981,0.00617097,-0.000721422,-0.00617039,0.999981,0.000810089,0.000726407,-0.000805622,0.999999
181,182,0.00337833,-0.000800847,-0.00619681,0.999989,0.000759259,-0.00453789,-0.000764976,0.999999,-0.00125824,0.00453693,0.0012617,0.999989
182,183,0.0152675,-0.00934861,-0.0032501,0.99997,-0.000313638,-0.00779841,0.000364505,0.999979,0.00652223,0.0077962,-0.00652487,0.999948
183,184,0.00963218,0.000109885,0.00412495,1,0.000283663,0.000791269,-0.000284749,0.999999,0.00137284,-0.000790878,-0.00137306,0.999999
184,185,-0.00116363,0.0025723,-0.0100907,0.99999,-0.00440025,4.95284e-05,0.00440044,0.999979,-0.00479607,-2.84234e-05,0.00479624,0.999988
185,186,0.00958124,0.00603713,0.00582741,0.999942,-0.00755614,-0.0077132,0.00752649,0.999964,-0.00386591,0.00774213,0.00380763,0.999963
186,187,0.014685,-0.00332407,0.00163399,0.999986,0.00290597,-0.00438794,-0.00290537,0.999996,0.000143736,0.00438834,-0.000130985,0.99999
187,188,0.00629757,0.00459235,-0.00742565,0.999992,0.00370995,-0.00111772,-0.00371664,0.999975,-0.00604478,0.00109526,0.00604889,0.999981
188,189,0.000580375,-0.00729034,-0.00337292,0.999994,-0.00141035,-0.00303082,0.00141195,0.999999,0.000525197,0.00303007,-0.000529473,0.999995
189,190,0.00322785,-0.00277342,0.00301976,0.999979,-0.00588422,-0.00266412,0.00589096,0.999979,0.00253069,0.00264918,-0.00254633,0.999993
190,191,0.00481036,-0.0035018,0.00478116,0.999997,-0.0017132,0.00151935,0.00170839,0.999994,0.00316202,-0.00152476,-0.00315941,0.999994
191,192,9.69076e-05,-0.00108933,-6.73764e-05,0.999991,0.000611785,0.00410083,-0.000617615,0.999999,0.00142063,-0.00409996,-0.00142316,0.999991
192,193,-0.00242098,0.0084032,0.00236371,0.999992,-0.00345296,0.00178921,0.00345393,0.999994,-0.000536492,-0.00178735,0.000542668,0.999998
193,194,0.000233669,-0.00938848,0.00323689,0.99999,-0.00272083,0.00345751,0.00269967,0.999978,0.00611115,-0.00347407,-0.00610175,0.999975
194,195,-0.00528798,0.00917719,0.00555736,0.999964,-0.00435914,0.00723822,0.00438665,0.999983,-0.00378792,-0.00722159,0.00381953,0.999967
195,196,0.0108703,0.000123815,0.0070842,0.999994,-0.0027035,-0.0022145,0.00270749,0.999995,0.00180102,0.00220962,-0.00180701,0.999996
196,197,0.00888436,0.00043675,0.00500721,0.999982,-0.00587178,0.00116655,0.00587051,0.999982,0.00109246,-0.00117294,-0.00108559,0.999999
197,198,-0.00176987,-0.0078415,-0.00531467,0.999979,-0.00551026,0.00330084,0.0055035,0.999983,0.00205381,-0.0033121,-0.00203561,0.999992
198,199,0.0135146,0.00274354,0.00537256,0.99995,-0.00950939,-0.00306688,0.0095028,0.999953,-0.00215592,0.00308723,0.00212667,0.999993
199,200,-0.00543204,0.000525855,0.00522014,0.999984,-0.000725932,0.00555738,0.000718283,0.999999,0.00137833,-0.00555837,-0.00137432,0.999984
200,201,0.00786261,0.00128892,0.0051107,0.999994,0.00244975,-0.00257064,-0.00245131,0.999997,-0.000603913,0.00256916,0.000610211,0.999997
201,202,0.0162091,-0.00363541,0.00328816,0.999989,-0.000500159,-0.00476724,0.000505854,0.999999,0.00119345,0.00476664,-0.00119585,0.999988
202,203,0.015384,0.00512584,0.0023241,0.99999,-0.00318732,-0.00325718,0.00318077,0.999993,-0.00201229,0.00326357,0.00200191,0.999993
203,204,0.00751633,-0.0097968,0.00161258,0.999998,-0.00113399,0.0013122,0.00112644,0.999983,0.00574148,-0.00131868,-0.00573999,0.999983
204,205,0.00352716,-0.00357952,-0.00574846,0.999998,0.00110702,0.00150238,-0.00110693,0.999999,-6.39046e-05,-0.00150245,6.22415e-05,0.999999
205,206,0.0106947,0.00679521,0.000115348,0.999995,-0.00323472,-0.000298412,0.00323379,0.99999,-0.00306657,0.000308328,0.00306559,0.999995
206,207,-0.00601629,-0.00927824,0.00340841,0.999985,-0.00180901,0.00509584,0.00177872,0.999981,0.00594279,-0.00510649,-0.00593364,0.999969
207,208,0.00512451,0.00776977,-0.00153496,0.999989,0.00229027,-0.004009,-0.00231068,0.999984,-0.00509318,0.00399727,0.00510239,0.999979
208,209,0.0120057,0.00140647,0.00314596,0.99998,0.00379452,-0.00501364,-0.00379348,0.999993,0.000218061,0.00501443,-0.000199038,0.999987
209,210,0.0073489,0.00848335,0.00535956,0.999997,0.00222062,-0.000955193,-0.00222152,0.999997,-0.000936871,0.00095311,0.00093899,0.999999
210,211,0.0117988,-0.0048373,0.00482199,0.999987,-0.00136035,-0.00484062,0.00137161,0.999996,0.00232383,0.00483744,-0.00233044,0.999986
211,212,0.0230009,0.0029903,1.3601e-06,0.999954,-0.00261141,-0.00923761,0.00259024,0.999994,-0.00230288,0.00924357,0.00227885,0.999955
212,213,-0.000803945,0.00099199,0.00804812,0.999974,0.00585244,0.00432464,-0.00584971,0.999983,-0.000642546,-0.00432833,0.000617231,0.99999
213,214,-0.00429893,-0.00524523,-0.00321103,0.999977,0.00684416,6.84614e-05,-0.00684427,0.999975,0.00179751,-5.61572e-05,-0.00179794,0.999998
214,215,0.0264138,0.000747114,0.00407607,0.999944,0.0016425,-0.0104712,-0.00165518,0.999998,-0.00120254,0.0104692,0.0012198,0.999944
215,216,0.012275,-0.00360667,0.00183626,0.999997,0.00234815,-0.000861495,-0.00234941,0.999996,-0.00146677,0.000858047,0.00146879,0.999999
216,217,-0.0145476,0.00402384,0.00298558,0.999978,-0.00396996,0.00527759,0.00398811,0.999986,-0.00343267,-0.00526389,0.00345365,0.99998
217,218,0.00997897,-0.00387543,-0.000903852,0.999958,-0.00213952,-0.00892219,0.00214717,0.999997,0.000847894,0.00892035,-0.000867016,0.99996
218,219,0.024734,-0.000422678,0.000971344,0.99995,0.00336709,-0.0093824,-0.00335941,0.999994,0.000834491,0.00938515,-0.00080293,0.999956
219,220,0.00236119,-0.00198906,-0.0017372,0.999983,0.00567416,0.00104418,-0.00567722,0.99998,0.00296017,-0.00102737,-0.00296605,0.999995
220,221,0.01071,0.0027646,0.00360214,0.999986,0.000884264,-0.00516076,-0.000894703,0.999998,-0.00202077,0.00515896,0.00202536,0.999985
221,222,0.0145788,-0.0019705,-0.00268915,0.999969,0.00689106,-0.00390975,-0.0068992,0.999974,-0.00207154,0.00389537,0.00209845,0.99999
222,223,0.0035394,-0.00756266,-0.00121468,0.999955,0.00950441,-0.000272738,-0.00950532,0.999949,-0.00355135,0.000238971,0.00355378,0.999994
223,224,-0.00479607,-0.00931347,0.00513146,0.999984,0.00416174,-0.00388235,-0.00417324,0.999987,-0.00295912,0.00386998,0.00297527,0.999988
224,225,0.028968,0.00339525,0.0047428,0.999911,-0.000942283,-0.0133428,0.000852754,0.999977,-0.00671399,0.0133488,0.00670201,0.999888
225,226,0.00769296,-0.00411605,-0.000280616,0.999995,0.00326586,-0.000471951,-0.00326577,0.999995,0.000191578,0.000472574,-0.000190036,1
226,227,0.00977413,-0.00689194,-0.00177379,0.999984,0.00272161,-0.00493211,-0.00271514,0.999995,0.00131815,0.00493568,-0.00130474,0.999987
227,228,0.0226032,0.00316045,0.00070834,0.99997,-0.00137252,-0.00761062,0.0013283,0.999982,-0.00581271,0.00761846,0.00580243,0.999954
228,229,0.0138032,0.00168729,-0.000725096,1,-0.00054788,-0.000483571,0.000547249,0.999999,-0.00130503,0.000484286,0.00130477,0.999999
229,230,0.00423363,-0.0108018,0.00299108,0.999992,0.00228306,0.00316471,-0.00229462,0.999991,0.00365374,-0.00315634,-0.00366098,0.999988
230,231,0.00438899,-0.00425945,0.00526469,0.999987,-0.00434322,0.00277444,0.00434908,0.999988,-0.00211096,-0.00276524,0.002123,0.999994
231,232,0.00338542,0.00397608,0.00344578,0.99998,-0.00567949,0.00295405,0.00569406,0.999972,-0.00494724,-0.00292587,0.00496396,0.999983
232,233,0.00567419,0.00904462,0.0071331,1,-0.000817672,5.10867e-05,0.000817967,0.999981,-0.00606334,-4.6128e-05,0.00606338,0.999982
233,234,0.0040375,-0.00249561,-0.00548273,0.999982,0.00526966,-0.00301364,-0.00527505,0.999984,-0.00178468,0.00300418,0.00180055,0.999994
234,235,-0.000378739,0.00705137,0.00570722,0.999998,-0.00155409,-0.00130281,0.00155175,0.999997,-0.00179958,0.0013056,0.00179755,0.999998
235,236,0.0113979,-0.00354829,0.00850858,0.999976,-0.00536068,-0.00446169,0.00538036,0.999976,0.00441003,0.00443794,-0.00443392,0.99998
236,237,-0.000762655,-0.00438653,0.00731588,0.999989,-0.00301916,0.00366879,0.00301362,0.999994,0.00151685,-0.00367335,-0.00150578,0.999992
237,238,-0.0041954,-0.00133385,0.00512484,0.999979,-0.00552589,0.00338254,0.00552838,0.999984,-0.000727125,-0.00337847,0.00074581,0.999994
238,239,0.0131637,0.00231057,-0.00380108,0.99997,-0.00430984,-0.00645614,0.0042996,0.999989,-0.00160016,0.00646297,0.00157235,0.999978
239,240,0.0034897,0.000814023,0.00592977,1,3.81939e-06,0.00017072,-3.3986e-06,0.999997,-0.00246475,-0.000170729,0.00246475,0.999997
240,241,-0.00588634,0.00279658,0.00678163,0.999997,0.00236945,0.000764535,-0.00236708,0.999992,-0.00308147,-0.000771831,0.00307965,0.999995
241,242,0.0091097,-0.000524914,0.00142703,0.999974,-0.000551572,-0.0072143,0.000547668,1,-0.000543143,0.00721459,0.000539178,0.999974
242,243,0.0119206,0.000984649,0.00258319,0.999981,0.00032383,-0.00620016,-0.000339505,0.999997,-0.00252726,0.00619932,0.00252931,0.999978
243,244,0.00668991,-0.000327189,-0.00351208,0.999983,0.00381822,-0.00429997,-0.00382717,0.999991,-0.00207614,0.00429201,0.00209256,0.999989
244,245,0.0105289,-0.00702844,-0.00333475,0.999975,0.00325432,-0.00634436,-0.00323246,0.999989,0.00345231,0.00635553,-0.00343172,0.999974
245,246,0.00404023,-0.00766556,-0.00686508,0.999981,0.00507849,-0.00352651,-0.0050655,0.99998,0.00368171,0.00354514,-0.00366378,0.999987
246,247,0.0121198,-0.00758625,-0.0106106,0.999964,0.00517841,-0.00665087,-0.00515589,0.999981,0.00339911,0.00666835,-0.0033647,0.999972
247,248,0.0134534,-0.0115018,0.00394642,0.999998,-0.000235732,-0.0018447,0.000246164,0.999984,0.00565672,0.00184334,-0.00565717,0.999982
248,249,0.00985758,0.00177658,0.00214145,0.999992,-0.00383048,-0.000999152,0.00382944,0.999992,-0.00104238,0.00100314,0.00103855,0.999999
249,250,-0.00173995,0.00718094,0.00801381,0.999988,-0.00418239,0.00267935,0.00419043,0.999987,-0.00300153,-0.00266676,0.00301272,0.999992
250,251,0.00795363,-0.00453098,0.00146604,0.999992,-0.00388944,-0.000398531,0.00389078,0.999987,0.00341388,0.000385247,-0.00341541,0.999994
251,252,0.00669616,0.00661661,0.00128133,0.999994,-0.00333232,0.000222439,0.00333297,0.99999,-0.00302648,-0.000212351,0.0030272,0.999995
252,253,0.00465831,-0.00779747,0.00262407,0.999992,-0.00402113,-0.000462588,0.00402237,0.999988,0.00272217,0.000451636,-0.00272401,0.999996
253,254,0.00276169,-0.00740688,-0.00121946,0.999993,-0.00369684,-0.000323895,0.00369817,0.999984,0.00420422,0.000308348,-0.00420539,0.999991
254,255,-0.004905,-0.00361753,-0.00108132,0.999992,0.0040625,0.00060855,-0.00406361,0.99999,0.00182243,-0.00060114,-0.00182489,0.999998
255,256,0.00174756,-0.00525876,0.00327836,0.999968,0.00640143,-0.00480805,-0.0063905,0.999977,0.00228509,0.00482257,-0.00225429,0.999986
256,257,0.0232629,-0.00816864,0.00717472,0.999958,0.000748262,-0.0091702,-0.000704546,0.999988,0.00476956,0.00917367,-0.0047629,0.999947
257,258,0.00151951,-0.0072655,5.28997e-05,0.999978,-0.0057355,0.0032325,0.00571855,0.99997,0.00523058,-0.00326241,-0.00521198,0.999981
258,259,0.00547213,-0.00796332,-0.000850311,0.999979,-0.00594405,-0.00272457,0.00595637,0.999972,0.00453525,0.00269753,-0.00455138,0.999986
259,260,0.0137203,-5.61074e-05,0.00399775,0.999987,-0.00020953,-0.00502873,0.000215438,0.999999,0.00117445,0.00502848,-0.00117552,0.999987
260,261,0.00224766,0.00299541,0.000965145,0.999995,0.00227866,0.00210208,-0.00227828,0.999997,-0.000185405,-0.0021025,0.000180615,0.999998
261,262,0.00112084,0.00786987,-0.00108601,0.999993,-0.00370521,5.92946e-05,0.00370533,0.999991,-0.0020775,-5.15965e-05,0.0020777,0.999998
262,263,0.0339131,-0.00499135,0.00150666,0.999939,-0.00557925,-0.00948307,0.00562777,0.999971,0.00509709,0.00945436,-0.00515015,0.999942
263,264,0.0173234,-0.00307241,-0.000340973,0.999969,0.00203766,-0.00754549,-0.00202227,0.999996,0.00204639,0.00754963,-0.00203107,0.999969
264,265,0.0292437,0.00725357,0.00413248,0.999971,0.000749641,-0.00752048,-0.000778372,0.999992,-0.00381817,0.00751756,0.00382391,0.999964
265,266,0.0135252,0.00344597,-0.000323996,0.999994,0.00274908,0.00209626,-0.00274382,0.999993,-0.00250676,-0.00210314,0.00250099,0.999995
266,267,0.00572885,-0.00248709,0.00182582,0.999994,-0.00259117,0.00234012,0.00259172,0.999997,-0.000232915,-0.00233951,0.000238978,0.999997
267,268,0.0271137,-0.00386963,0.00423217,0.99999,0.00283474,-0.00338767,-0.0028517,0.999983,-0.00501163,0.00337341,0.00502124,0.999982
268,269,0.00503358,0.00761629,-0.000861947,0.999999,0.00128977,-0.000618584,-0.00129255,0.999989,-0.00452686,0.000612739,0.00452766,0.99999
269,270,0.0254086,-0.00698689,-0.000419407,0.999843,0.00144675,-0.017679,-0.00137952,0.999992,0.00381476,0.0176844,-0.00378977,0.999836
270,271,0.0254301,-0.000864818,0.00231625,0.999882,0.00560143,-0.0143309,-0.00562235,0.999983,-0.0014203,0.0143227,0.00150071,0.999896
271,272,0.00391571,-0.00387862,-0.000854118,0.999928,0.0114172,-0.00373135,-0.0114253,0.999932,-0.00215221,0.00370653,0.00219469,0.999991
272,273,-0.00685683,-0.00189935,0.00011015,0.999949,0.00960472,-0.00305703,-0.00961494,0.999948,-0.00334612,0.00302474,0.00337534,0.99999
273,274,0.0135314,-0.00654749,0.00663198,0.999986,0.00183742,-0.00492558,-0.00182625,0.999996,0.00227172,0.00492974,-0.00226269,0.999985
274,275,-0.000923365,0.00488586,0.00402959,0.999985,4.45982e-05,0.0055277,-2.80558e-05,0.999996,-0.00299267,-0.00552781,0.00299247,0.99998
275,276,0.0254517,0.00164806,0.00154512,0.999951,-0.00449068,-0.00884193,0.00446807,0.999987,-0.00257512,0.00885338,0.00253549,0.999958
276,277,0.0101173,0.00514309,0.00388686,0.999996,-0.000563513,-0.0027716,0.000550444,0.999989,-0.00471389,0.00277422,0.00471234,0.999985
277,278,0.00840397,-0.00300744,0.00126086,0.999982,0.00489218,-0.00355658,-0.00490026,0.999985,-0.00226778,0.00354544,0.00228517,0.999991
278,279,0.0177039,5.14248e-05,0.00241497,0.999987,-0.000621487,-0.00507611,0.000606736,0.999996,-0.00290702,0.0050779,0.0029039,0.999983
279,280,0,0,0,1,0,0,0,1,0,0,0,1
280,281,0,0,0,1,0,0,0,1,0,0,0,1
281,282,-0.00298469,-0.025256,0.138609,0.999896,0.0123107,0.00751199,-0.0124142,0.999826,0.0138911,-0.00733967,-0.0139829,0.999875
282,283,0.0172711,-0.00381227,0.0013686,0.999985,0.000843581,-0.00541777,-0.000828229,0.999996,0.00283536,0.00542013,-0.00283083,0.999981
283,284,0.0137989,-0.00260466,0.00189707,0.999999,-0.00102004,0.000997487,0.00101999,0.999999,5.21205e-05,-0.00099754,-5.1103e-05,1
284,285,0.00246483,0.0067015,-0.00156338,0.999996,-0.000564252,0.00285366,0.00057189,0.999996,-0.00267648,-0.00285214,0.0026781,0.999992
285,286,0.00469888,0.00332883,0.00117005,0.999997,0.00222935,0.000700837,-0.00222937,0.999998,2.91366e-05,-0.00070077,-3.06989e-05,1
286,287,0.0134994,-0.00651272,-0.00171644,0.999991,0.00414131,-0.00101349,-0.00413795,0.999986,0.00329476,0.00102712,-0.00329053,0.999994
287,288,0.0053155,0.00670865,-0.000914047,0.999998,0.00182689,0.000598301,-0.00182555,0.999996,-0.00223566,-0.000602383,0.00223456,0.999997
288,289,0.0142367,-0.0069673,0.00305738,0.999998,-0.000803259,-0.00185802,0.000810628,0.999992,0.00396877,0.00185482,-0.00397027,0.99999
289,290,-0.00410379,-0.000308096,0.00169931,0.999978,0.000355106,0.00660093,-0.000356617,1,0.000227701,-0.00660085,-0.00023005,0.999978
290,291,0.00692521,0.00327802,0.00234478,1,-0.000356287,-0.000464787,0.000356126,1,-0.000345727,0.00046491,0.000345562,1
291,292,0.0171385,0.00469125,-0.000917032,0.999998,-5.2275e-05,-0.00183858,4.9722e-05,0.999999,-0.00138863,0.00183865,0.00138853,0.999997
292,293,-0.00341513,-0.00143888,0.00163818,0.999972,0.00214456,0.00720135,-0.002146,0.999998,0.000191658,-0.00720092,-0.000207106,0.999974
293,294,-0.000672744,0.00448176,0.00382607,0.99999,0.00268162,0.0034486,-0.00268165,0.999996,3.66126e-06,-0.00344858,-1.29092e-05,0.999994
294,295,0.00822798,-0.00444023,-0.00149242,0.999993,0.00381313,-0.000418923,-0.00381199,0.999989,0.00267417,0.000429116,-0.00267255,0.999996
