frame1, frame2, tx, ty, tz, r11, r12, r13, r21, r22, r23, r31, r32, r33
0,1,0.0011575,-0.000325597,-0.00116689,0.999999,-0.00060007,-0.000970173,0.000600242,1,0.000177637,0.000970066,-0.000178219,1
1,2,-0.00164825,-0.000906059,0.00147696,0.999999,0.000270693,0.00113407,-0.000271268,1,0.000507415,-0.00113394,-0.000507722,0.999999
2,3,0.000379493,0.00104015,-0.000532595,1,-0.000194078,-0.000162891,0.000193984,1,-0.000580767,0.000163004,0.000580735,1
3,4,0.000816275,-0.000430644,-0.00127382,1,-4.97664e-05,-0.000894245,5.02213e-05,1,0.000508677,0.000894219,-0.000508722,0.999999
4,5,-0.000942594,4.78494e-05,0.00166179,1,3.89722e-05,0.000950528,-3.89272e-05,1,-4.73346e-05,-0.00095053,4.72975e-05,1
5,6,0.000748317,0.00133664,-0.000224865,1,-0.000602522,-0.000704849,0.000601855,0.999999,-0.000946418,0.000705419,0.000945993,0.999999
6,7,-0.000781719,0.000517631,0.000306648,1,-7.49682e-05,-0.000322499,7.51204e-05,1,0.000472,0.000322463,-0.000472024,1
7,8,0.000733983,0.00031238,-0.00179574,0.999999,-0.000384137,-0.00154245,0.000383076,1,-0.000687942,0.00154272,0.00068735,0.999999
8,9,-0.0010709,-0.00112338,0.00036302,1,0.000127524,-1.62336e-05,-0.000127501,0.999999,0.00141213,1.64136e-05,-0.00141213,0.999999
9,10,0.00502899,0.00249575,-0.00196807,0.999993,1.28628e-05,-0.00378692,-2.08903e-05,0.999998,-0.00211976,0.00378689,0.00211983,0.999991
10,11,0.000938442,0.0004428,-0.00356136,0.999997,0.000569359,-0.00216621,-0.000570318,1,-0.000441921,0.00216596,0.000443155,0.999998
11,12,-0.00252197,-0.00233298,-4.44882e-05,0.999999,-0.000242922,0.00107397,0.00024066,0.999998,0.00210605,-0.00107448,-0.00210579,0.999997
12,13,-0.00118795,0.00324218,0.00132812,0.999998,-0.00180821,-0.000492653,0.00180724,0.999996,-0.00197062,0.000496214,0.00196972,0.999998
13,14,0.000624007,0.00301238,0.000116328,0.999996,-0.00165286,-0.00238882,0.00164556,0.999994,-0.00305685,0.00239386,0.0030529,0.999992
14,15,-0.00102258,0.00141377,0.000741539,0.999998,0.000508794,-0.00168402,-0.000511857,0.999998,-0.00181863,0.00168309,0.00181949,0.999997
15,16,0.00219384,0.00486425,-0.00023002,0.999989,-0.00066244,-0.00472221,0.000643374,0.999992,-0.00403802,0.00472485,0.00403494,0.999981
16,17,-0.00472117,0.00144801,0.00087664,0.999998,0.000286551,-0.00177615,-0.000287147,1,-0.000335576,0.00177606,0.000336086,0.999998
17,18,-0.00222467,0.000247234,-0.000178483,0.999988,0.000337133,-0.00492712,-0.000337581,1,-8.99409e-05,0.00492709,9.16031e-05,0.999988
18,19,-0.000132348,0.000258008,0.00343149,0.999977,-0.000605999,-0.00668218,0.000590961,0.999997,-0.00225227,0.00668353,0.00224827,0.999975
19,20,0.00462758,-0.000342772,-0.00574002,0.999937,0.0026312,-0.0109398,-0.00260948,0.999995,0.00199919,0.010945,-0.00197051,0.999938
20,21,-0.00621238,-0.00159349,0.00592589,0.999998,0.000280314,-0.00194222,-0.000275983,0.999997,0.00222954,0.00194284,-0.002229,0.999996
21,22,0.00146215,0.000620948,0.000233469,0.999976,0.00101998,-0.00678132,-0.00102944,0.999999,-0.00139109,0.00677989,0.00139803,0.999976
22,23,-0.00157284,0.00206968,-0.00137015,0.999982,-0.000119585,-0.00595189,0.000115781,1,-0.000639449,0.00595197,0.000638749,0.999982
23,24,-0.00243646,-0.00149971,0.00234906,0.999977,0.000323629,-0.00673872,-0.000318399,1,0.000777219,0.00673897,-0.000775056,0.999977
24,25,0.000702043,-0.00135909,-0.00108765,0.999951,0.00246071,-0.00959057,-0.00245742,0.999997,0.0003548,0.00959141,-0.000331214,0.999954
25,26,0.000744857,-0.00222407,-0.00142779,0.999948,0.0021467,-0.00993613,-0.0021231,0.999995,0.00238549,0.0099412,-0.00236428,0.999948
26,27,0.000243195,0.00182035,-0.000274735,0.99996,-2.18279e-05,-0.00892251,1.92722e-05,1,-0.000286521,0.00892252,0.000286338,0.99996
27,28,-0.00281257,0.00114047,0.00125118,0.999961,0.000252722,-0.00877925,-0.000283131,0.999994,-0.00346261,0.00877832,0.00346496,0.999955
28,29,0.00214775,-0.00145749,-0.00328273,0.999921,0.00281409,-0.0122769,-0.00276374,0.999988,0.0041158,0.0122883,-0.00408155,0.999916
29,30,-0.00474357,-0.000227563,0.00521459,0.999975,0.00137581,-0.00692349,-0.00136097,0.999997,0.00214722,0.00692642,-0.00213774,0.999974
30,31,-0.000341925,-0.00110408,0.000896792,0.999963,0.00173685,-0.00846569,-0.00173807,0.999998,-0.000136237,0.00846544,0.000150946,0.999964
31,32,0.0023222,0.00192433,-0.00325972,0.999946,0.00113249,-0.0102897,-0.00114955,0.999998,-0.00165214,0.0102878,0.00166388,0.999946
32,33,2.81847e-05,-0.0014491,0.000749796,0.999953,0.0027871,-0.00932646,-0.00276842,0.999994,0.0020155,0.00933202,-0.00198959,0.999954
33,34,-0.000824332,-0.000661678,-6.95999e-05,0.999953,0.00126529,-0.00958353,-0.00126946,0.999999,-0.000429386,0.00958298,0.000441532,0.999954
34,35,-0.00124598,0.00128454,0.000111445,0.999955,-0.000102204,-0.0094652,0.000101344,1,-9.13877e-05,0.0094652,9.04243e-05,0.999955
35,36,-0.00142022,0.00221586,0.00108645,0.999957,-0.000658304,-0.00927228,0.00064952,0.999999,-0.000950314,0.0092729,0.00094425,0.999957
36,37,-0.000974789,0.000915746,0.000961861,0.999953,0.00049417,-0.00972771,-0.000492223,1,0.000202576,0.00972781,-0.000197778,0.999953
37,38,-0.000838854,-0.000187161,0.00106049,0.99995,0.000547308,-0.00996513,-0.000538486,0.999999,0.000888002,0.00996561,-0.000882591,0.99995
38,39,-0.00122611,0.00101737,0.000981781,0.999955,0.000756191,-0.00941252,-0.000755215,1,0.000107309,0.00941259,-0.000100196,0.999956
39,40,-0.000246564,9.80363e-05,0.000163335,0.999946,0.000764475,-0.0103227,-0.000757844,1,0.000646248,0.0103232,-0.00063839,0.999947
40,41,-0.000618348,-0.00175434,0.000917907,0.99995,0.00122614,-0.00995176,-0.00120858,0.999998,0.00177061,0.0099539,-0.00175849,0.999949
41,42,-0.00300019,-0.00180204,0.000140791,0.999971,0.00212672,-0.0072822,-0.00211207,0.999996,0.00201994,0.00728646,-0.0020045,0.999971
42,43,0.000263051,-0.000940393,-0.000584001,0.999948,0.00175462,-0.0100424,-0.00175666,0.999998,-0.000193718,0.010042,0.000211349,0.99995
43,44,-0.000587663,-0.000623868,0.000704241,0.99995,0.000800576,-0.010008,-0.00078969,0.999999,0.00109162,0.0100089,-0.00108366,0.999949
44,45,0.000205848,0.00245455,-0.000438633,0.999945,0.000167952,-0.0105189,-0.000191072,0.999998,-0.00219703,0.0105185,0.00219891,0.999942
45,46,0.000655898,0.000119531,0.000559989,0.999939,0.000519409,-0.011035,-0.000510192,1,0.000838046,0.0110354,-0.000832365,0.999939
46,47,-0.00125492,0.0021546,0.000989856,0.999955,-0.000265574,-0.00950457,0.00026039,1,-0.000546738,0.00950472,0.000544239,0.999955
47,48,-0.00230677,0.0013077,0.00124398,0.99996,-2.96983e-05,-0.00897787,3.08581e-05,1,0.000129041,0.00897787,-0.000129313,0.99996
48,49,0.00125969,-5.77154e-05,-0.000780844,0.999936,0.000494512,-0.0112845,-0.000484319,0.999999,0.000906027,0.0112849,-0.000900504,0.999936
49,50,-0.00248765,-0.000202629,-0.00110977,0.999956,0.00209025,-0.00917301,-0.00209513,0.999998,-0.000522541,0.00917189,0.000541737,0.999958
50,51,-0.000453526,0.00106042,-0.00135879,0.999945,0.00212648,-0.0102315,-0.00213876,0.999997,-0.00118943,0.0102289,0.00121124,0.999947
51,52,0.00225658,0.00197499,-0.000827482,0.999929,-0.000219358,-0.0119287,0.0002123,1,-0.000592965,0.0119288,0.00059039,0.999929
52,53,0.00199753,0.0015672,0.000244797,0.999933,0.000479806,-0.0116066,-0.000497876,0.999999,-0.00155406,0.0116059,0.00155974,0.999931
53,54,-0.00230484,-0.00147308,0.000341733,0.999964,0.0017176,-0.00833517,-0.00170332,0.999997,0.00172047,0.0083381,-0.00170621,0.999964
54,55,-0.00224709,0.000810207,0.00187531,0.999957,0.000144812,-0.00922899,-0.000141919,1,0.000314178,0.00922904,-0.000312855,0.999957
55,56,0.00138454,0.00146547,-0.000757438,0.999937,0.000169119,-0.0112589,-0.000170563,1,-0.000127291,0.0112589,0.000129204,0.999937
56,57,-0.000525148,0.000628592,0.00166087,0.999948,0.000315515,-0.0101746,-0.000311334,1,0.00041257,0.0101747,-0.000409381,0.999948
57,58,0.00132434,-0.000819423,9.29716e-05,0.999939,0.000645874,-0.0110299,-0.000631636,0.999999,0.00129429,0.0110308,-0.00128725,0.999938
58,59,0.0010527,0.00100022,0.000695549,0.999942,0.000579442,-0.0107662,-0.000592753,0.999999,-0.00123323,0.0107655,0.00123954,0.999941
59,60,0.00383671,-0.000207231,0.000236416,0.999919,-0.000399927,-0.0127599,0.000411917,0.999999,0.000937011,0.0127595,-0.000942191,0.999918
60,61,-0.000795762,0.00112578,-0.00239382,0.999947,0.000946169,-0.0102075,-0.000950551,0.999999,-0.000424407,0.0102071,0.000434087,0.999948
61,62,0.000117853,-0.000960977,-0.00191435,0.999942,0.00224492,-0.0105583,-0.00221182,0.999993,0.00314623,0.0105653,-0.00312269,0.999939
62,63,-0.00632546,-0.000995555,0.00132439,0.999974,0.00185966,-0.00695618,-0.00183986,0.999994,0.00285182,0.00696144,-0.00283895,0.999972
63,64,0.0014241,0.000719282,-0.00107257,0.999941,0.000516406,-0.0108878,-0.000490172,0.999997,0.002412,0.010889,-0.00240652,0.999938
64,65,-0.00675482,-0.00170075,0.00241028,0.999969,0.00124848,-0.0078134,-0.00124825,0.999999,3.37035e-05,0.00781343,-2.39493e-05,0.999969
65,66,-0.000455292,0.000965222,-0.00263382,0.999951,0.00143156,-0.00983299,-0.00144794,0.999998,-0.00165914,0.00983059,0.0016733,0.99995
66,67,-7.46113e-06,0.00216086,-0.00238206,0.999936,-0.000446341,-0.0113222,0.000420139,0.999997,-0.0023165,0.0113232,0.00231159,0.999933
67,68,-0.00256683,-0.00134815,-0.000629578,0.999951,0.00158372,-0.00980761,-0.00158731,0.999999,-0.000357592,0.00980703,0.000373142,0.999952
68,69,-0.000185734,4.73125e-05,-0.00408252,0.999944,0.000911293,-0.0105149,-0.000919677,0.999999,-0.000792516,0.0105142,0.000802142,0.999944
69,70,0.00203686,0.000909079,-0.00385783,0.999916,0.000475489,-0.0129656,-0.00047584,1,-2.39805e-05,0.0129655,3.0148e-05,0.999916
70,71,-0.00123354,0.000596355,-0.00123543,0.999939,0.00136867,-0.011,-0.00134079,0.999996,0.00254143,0.0110034,-0.00252652,0.999936
71,72,-0.00195219,-0.000379282,-0.000962984,0.999937,0.000675631,-0.0111656,-0.000664264,0.999999,0.00102173,0.0111663,-0.00101424,0.999937
72,73,-0.00144198,4.59613e-05,-0.00128952,0.99994,0.00163115,-0.0108582,-0.0016362,0.999999,-0.000456479,0.0108574,0.000474217,0.999941
73,74,-0.000312964,0.00145123,-0.00273626,0.999937,0.000603641,-0.0112392,-0.000623065,0.999998,-0.00172486,0.0112381,0.00173175,0.999935
74,75,0.000499445,0.00104899,-0.00331919,0.999933,0.000401335,-0.0115941,-0.000413773,0.999999,-0.00107045,0.0115937,0.00107518,0.999932
75,76,-0.00177546,0.000798617,-0.00174508,0.999941,0.000513469,-0.0108841,-0.000517707,1,-0.000386525,0.0108839,0.000392136,0.999941
76,77,0.00296511,-7.8979e-05,-0.00426158,0.999915,0.001013,-0.0129649,-0.00101669,0.999999,-0.000277645,0.0129646,0.000290803,0.999916
77,78,-0.000805136,-0.000188535,-0.00231787,0.999941,0.00155709,-0.0107268,-0.001555,0.999999,0.000203056,0.0107271,-0.000186364,0.999942
78,79,0.00153627,0.00129945,-0.00254711,0.999927,0.000469656,-0.0120417,-0.000462435,1,0.000602492,0.012042,-0.00059688,0.999927
79,80,0.00337144,0.00151418,-0.00198375,0.999917,0.000220482,-0.0128799,-0.000216267,1,0.000328634,0.01288,-0.000325821,0.999917
80,81,-0.00375724,0.000826023,5.31159e-05,0.999954,0.000750335,-0.00955215,-0.000739037,0.999999,0.00118621,0.00955303,-0.0011791,0.999954
81,82,-0.00126653,-0.000452643,-0.00158981,0.999942,0.00148497,-0.0106767,-0.00149592,0.999998,-0.00101843,0.0106751,0.00103434,0.999942
82,83,0.00214475,0.000537916,-0.00430858,0.999938,0.00112272,-0.0111153,-0.0011333,0.999999,-0.000946019,0.0111142,0.000958556,0.999938
83,84,7.78256e-05,-0.000700841,-0.00296542,0.999947,0.00122474,-0.0102577,-0.001214,0.999999,0.00105305,0.010259,-0.00104054,0.999947
84,85,-0.00398665,-0.00244068,-0.00590472,0.999972,0.0015989,-0.00724675,-0.00158785,0.999998,0.00153003,0.00724917,-0.00151848,0.999973
85,86,0.000922351,0.000961697,-0.0007409,0.999927,0.000546789,-0.0120491,-0.000540188,1,0.000551134,0.0120494,-0.000544585,0.999927
86,87,0.00301199,0.0018177,-0.00139675,0.999921,0.000414436,-0.0125803,-0.000431157,0.999999,-0.0013265,0.0125798,0.00133182,0.99992
87,88,-0.000355076,0.000299943,-0.000707725,0.999943,0.000339218,-0.0106976,-0.000337218,1,0.000188776,0.0106977,-0.000185158,0.999943
88,89,0.00388077,0.00156428,-0.00422471,0.999926,0.000788597,-0.0121115,-0.000781655,1,0.000577881,0.0121119,-0.000568371,0.999926
89,90,-0.00354132,0.000512575,0.000423088,0.999955,0.000450436,-0.00942871,-0.000446123,1,0.000459442,0.00942891,-0.000455215,0.999955
90,91,0.0018833,0.00154565,-0.00380137,0.999921,0.00076107,-0.0125657,-0.000755041,1,0.000484597,0.0125661,-0.000475071,0.999921
91,92,-0.000730811,0.00105503,-0.00175558,0.999927,0.00117444,-0.0120328,-0.00119172,0.999998,-0.00142848,0.0120311,0.00144272,0.999927
92,93,-0.000837603,-0.00107784,-0.00583525,0.999945,0.00231339,-0.0102403,-0.00231095,0.999997,0.000250678,0.0102409,-0.000227,0.999948
93,94,0.00018403,0.00114915,-0.00182273,0.999927,0.000326414,-0.0120413,-0.000339369,0.999999,-0.00107383,0.0120409,0.00107784,0.999927
94,95,0.00305952,0.00177586,-0.000604651,0.999918,-0.000540918,-0.0127673,0.00052792,0.999999,-0.00102136,0.0127679,0.00101454,0.999918
95,96,-0.000404485,0.0024949,-0.00290258,0.99994,0.000734299,-0.0108974,-0.000750562,0.999999,-0.00148841,0.0108963,0.0014965,0.99994
96,97,0.000256785,0.000972921,-0.00523608,0.999939,0.00103795,-0.0110308,-0.00103109,0.999999,0.000627655,0.0110315,-0.000616242,0.999939
97,98,0.0024784,0.00201839,-0.0022969,0.999909,-0.000139534,-0.0135138,0.000151944,1,0.000917269,0.0135137,-0.000919238,0.999908
98,99,0.00345644,0.00201543,-0.00136885,0.999879,-5.11513e-05,-0.0155631,7.02092e-05,0.999999,0.00122401,0.015563,-0.00122496,0.999878
99,100,0.00197925,0.00193488,-0.0114422,0.999917,0.00270103,-0.0125687,-0.00268371,0.999995,0.00139441,0.0125724,-0.00136057,0.99992
100,101,0.00125974,-0.00106008,-0.00919553,0.999942,0.00173062,-0.010632,-0.00164517,0.999966,0.00803994,0.0106456,-0.00802199,0.999911
101,102,-0.00181054,0.00112699,0.00602214,0.999896,-0.00280911,-0.0141145,0.00288484,0.999982,0.00534823,0.0140993,-0.00538839,0.999886
102,103,-0.0049145,0.00392128,0.00319044,0.999948,-0.000169383,-0.0101892,9.18011e-05,0.999971,-0.00761406,0.0101902,0.00761273,0.999919
103,104,0.00205628,0.00133763,-0.0106984,0.99995,9.09136e-05,-0.0100452,-0.000144582,0.999986,-0.00534203,0.0100446,0.00534321,0.999935
104,105,6.5035e-06,0.000122934,-0.00796131,0.999952,0.00188105,-0.0095872,-0.00191027,0.999994,-0.0030395,0.00958142,0.00305767,0.999949
105,106,0.000428703,0.00067422,-0.00926614,0.999966,0.00119529,-0.0081811,-0.00120574,0.999998,-0.00127266,0.00817956,0.00128248,0.999966
106,107,0.000717731,0.000819237,-0.00934641,0.999968,0.00184225,-0.00782338,-0.0018439,0.999998,-0.000203044,0.00782299,0.000217463,0.999969
107,108,0.00120141,0.000946132,-0.00751488,0.999951,0.000185482,-0.00985289,-0.000176287,1,0.000934073,0.00985306,-0.00093229,0.999951
108,109,-0.000926761,-0.000789202,-0.00163057,0.99995,0.000863796,-0.00998787,-0.000838919,0.999997,0.0024946,0.00998999,-0.00248609,0.999947
109,110,0.00451192,0.000697729,-0.0143576,0.99996,0.00229022,-0.0086449,-0.00232059,0.999991,-0.00350473,0.00863679,0.00352465,0.999956
110,111,2.6403e-05,-0.000173248,-0.013208,0.999972,0.00251903,-0.00701467,-0.00251057,0.999996,0.00121489,0.00701771,-0.00119725,0.999975
111,112,-0.00377438,0.00216427,0.00191464,0.999956,-0.000114348,-0.00934838,0.000116861,1,0.000268267,0.00934835,-0.000269348,0.999956
112,113,0.00108666,-0.00238569,-0.0043854,0.999959,-0.000688497,-0.00906081,0.000719734,0.999994,0.0034447,0.00905838,-0.00345108,0.999953
113,114,-0.00997205,-0.00853781,0.00901439,0.999962,-0.00179801,-0.00858064,0.00184076,0.999986,0.00497693,0.00857157,-0.00499253,0.999951
114,115,-0.0371295,0.106899,-0.00020307,0.999657,0.0102243,0.0241262,-0.00823508,0.996668,-0.0811539,-0.0248756,0.0809274,0.99641
115,116,0,0,0,1,0,0,0,1,0,0,0,1
116,117,0.00449928,-0.00504259,-0.00752776,0.999963,-0.00179633,-0.00845123,0.00185192,0.999977,0.00657477,0.00843922,-0.00659018,0.999943
117,118,-0.00395674,0.00625883,-0.00257547,0.99996,0.00255934,-0.00851385,-0.00255295,0.999996,0.000761244,0.00851576,-0.000739479,0.999963
118,119,0.0317908,-0.0936357,0.016067,0.999672,-0.00352105,-0.0253834,0.00501761,0.998237,0.0591378,0.0251305,-0.0592457,0.997927
119,120,-0.00527359,-0.000654613,-0.022088,0.999969,0.00331246,-0.00718297,-0.00332514,0.999993,-0.00175386,0.00717711,0.00177769,0.999973
120,121,-0.0245251,0.0897139,-0.0193895,0.999979,0.00620481,0.00184343,-0.00610398,0.998709,-0.0504235,-0.00215392,0.0504112,0.998726
121,122,0.0154522,-0.00589067,0.0105297,0.999838,-0.00607167,-0.0169285,0.006303,0.999887,0.0136454,0.0168438,-0.0137499,0.999764
122,123,-0.0264631,0.0400977,-0.0306248,0.999796,0.0201605,0.000856794,-0.0201292,0.999417,-0.0275851,-0.00141242,0.0275623,0.999619
123,124,-0.00548399,0.0142497,0.00384343,0.999975,0.00291159,-0.00645072,-0.00290241,0.999995,0.0014319,0.00645485,-0.00141314,0.999978
124,125,0.0011357,-0.0529973,0.018477,0.999901,0.00844594,-0.0112588,-0.00801175,0.999243,0.0380679,0.0115718,-0.0379739,0.999212
125,126,-0.00936094,0.00384281,-0.0104317,0.999966,0.00622284,-0.00548937,-0.00623017,0.99998,-0.00131847,0.00548106,0.00135263,0.999984
126,127,0.0195064,0.00745615,0.00436758,0.999907,-0.00127371,-0.0135849,0.00132625,0.999992,0.00385935,0.0135799,-0.00387701,0.9999
127,128,-0.00780677,-0.0468558,0.0164783,0.999943,0.00849628,-0.00640825,-0.00827301,0.999384,0.0340974,0.006694,-0.0340424,0.999398
128,129,-0.0239674,0.00101138,-0.00478156,0.999957,0.0088444,0.00283013,-0.00886124,0.999943,0.00599337,-0.00277696,-0.00601819,0.999978
129,130,-0.00440281,0.00945096,-0.0259767,0.999971,-0.00200844,-0.00727806,0.00192031,0.999925,-0.0120947,0.0073018,0.0120804,0.9999
130,131,-0.000622384,-0.000622698,0.00982504,0.999886,0.0100946,-0.0112393,-0.0100362,0.999936,0.00523532,0.0112915,-0.00512192,0.999923
131,132,0.00333699,0.00070447,-0.00702363,0.999923,0.00174757,-0.0122786,-0.00176071,0.999998,-0.00105885,0.0122767,0.00108039,0.999924
132,133,0.0206213,0.092122,-0.00126183,0.999788,-0.0132656,-0.0157331,0.0125402,0.998893,-0.0453395,0.0163172,0.0451326,0.998848
133,134,-0.00135919,-0.000238816,-0.00584522,0.999968,0.00031083,-0.00793518,-0.000299802,0.999999,0.00139082,0.0079356,-0.0013884,0.999968
134,135,0.00354077,0.00259857,-0.012708,0.999927,0.00267447,-0.0117741,-0.00271072,0.999992,-0.00306383,0.0117658,0.00309552,0.999926
135,136,-0.0233211,-0.0103529,0.0168859,0.999389,-0.0200216,0.0286593,0.0212385,0.998858,-0.0428052,-0.0277695,0.0433877,0.998672
136,137,-0.00878158,0.0310574,0.0118707,0.999959,0.00318379,-0.00846439,-0.00331412,0.999875,-0.0154283,0.00841422,0.0154557,0.999845
137,138,-0.00245778,-0.00383249,-0.00489153,0.999982,0.00183052,-0.00576931,-0.00177556,0.999953,0.00951576,0.00578646,-0.00950534,0.999938
138,139,-0.00819502,0.0132343,7.06718e-05,0.999982,0.00517557,-0.00311404,-0.00521609,0.9999,-0.0131488,0.00304568,0.0131648,0.999909
139,140,0.00437443,-0.0311202,-0.00490315,0.999842,0.0111066,-0.0138789,-0.0107324,0.999584,0.0267546,0.0141703,-0.0266014,0.999546
140,141,-0.0242035,0.00618996,-0.0413832,0.999946,0.00895176,0.00519996,-0.00889175,0.999895,-0.011451,-0.00530192,0.0114042,0.999921
141,142,-0.0111201,0.00429633,-0.00847288,0.999999,0.00105254,0.000555581,-0.00104558,0.999923,-0.0123786,-0.000568567,0.012378,0.999923
142,143,-0.00285756,-0.0107065,0.00202009,0.999972,-0.00219066,-0.00719025,0.0023015,0.999878,0.0154444,0.00715554,-0.0154605,0.999855
143,144,-0.00174654,0.0353865,-0.0103429,0.999975,-0.00373372,-0.00600908,0.00360781,0.999777,-0.0208303,0.00608551,0.0208081,0.999765
144,145,-0.0246798,-0.0154826,-0.00807054,0.99996,0.00158278,0.00878806,-0.0017046,0.999902,0.0138723,-0.00876524,-0.0138868,0.999865
145,146,-0.00635051,-0.00308697,-0.00584163,0.999996,-0.00103869,-0.00273351,0.00102044,0.999977,-0.00666863,0.00274037,0.00666582,0.999974
146,147,0.00242272,0.0447847,-0.00801463,0.999947,-0.00285808,-0.00988838,0.00253009,0.999451,-0.0330237,0.00997734,0.0329969,0.999406
147,148,-0.0317808,-0.027049,-0.0014736,0.999835,0.000743464,0.0181471,-0.00125406,0.999603,0.0281413,-0.018119,-0.0281595,0.999439
148,149,0.0080505,-0.0518004,-0.00387429,0.999924,-0.00327542,-0.0118631,0.00356774,0.999688,0.0247036,0.0117785,-0.0247441,0.999624
149,150,-0.00838569,0.025638,-0.0106844,0.999998,0.000630038,-0.00210163,-0.000663093,0.999876,-0.0157647,0.00209143,0.0157661,0.999874
150,151,0.0257818,-0.0157083,-5.35979e-06,0.99976,-0.0162891,-0.0146733,0.0161981,0.999849,-0.00629693,0.0147737,0.00605774,0.999873
151,152,0.0393284,0.0361913,0.00142574,0.99955,-0.0139765,-0.0265475,0.0138202,0.999886,-0.0060615,0.0266292,0.00569188,0.999629
152,153,-0.028494,0.0257557,-0.0138441,0.999896,0.0117272,0.00841674,-0.0117084,0.999929,-0.00228854,-0.00844298,0.00218975,0.999962
153,154,-0.0274145,0.0227377,-0.0236204,0.999833,0.0169662,0.00676395,-0.0169575,0.999855,-0.00134062,-0.00678572,0.0012257,0.999976
154,155,-0.031308,0.00942574,-0.0082095,0.999928,0.00728703,0.00953505,-0.00736879,0.999936,0.00856763,-0.00947201,-0.00863728,0.999918
155,156,0.0492532,0.00026664,-0.00158883,0.99942,-0.0201492,-0.0274619,0.0197797,0.999711,-0.0136603,0.0277292,0.0131092,0.99953
156,157,0.00354737,-0.00785765,-0.0103345,0.999912,-0.00299573,-0.0129524,0.00307819,0.999975,0.00635109,0.012933,-0.0063904,0.999896
157,158,-0.0104108,-0.0171411,-0.00251466,0.999986,0.00435583,-0.00297712,-0.0043465,0.999986,0.00313538,0.00299074,-0.00312239,0.999991
158,159,0.000173472,-0.00278064,-0.0111086,0.999959,0.000193237,-0.00900133,-0.000167261,0.999996,0.00288643,0.00900185,-0.00288481,0.999955
159,160,0.0201434,0.053711,-0.0138511,0.999769,-0.0143985,-0.0159793,0.0139613,0.999534,-0.0271418,0.0163626,0.0269125,0.999504
160,161,-0.00284571,-0.00188407,-0.00746746,0.999965,0.00332707,-0.00772505,-0.00331768,0.999994,0.00122803,0.00772909,-0.00120236,0.999969
161,162,0.0796153,-0.0768304,0.0192927,0.996474,-0.0794967,-0.0268177,0.0791278,0.996758,-0.0145501,0.0278874,0.0123767,0.999534
162,163,-0.00611105,-0.00420603,-0.0232455,0.999968,0.00256656,-0.0076346,-0.00257183,0.999996,-0.000680856,0.00763282,0.000700468,0.999971
163,164,0.00191483,0.00741209,-7.06776e-05,0.999971,0.00053669,-0.00756568,-0.000568699,0.999991,-0.00422924,0.00756334,0.00423342,0.999962
164,165,0.00371631,0.00362563,-0.0126518,0.999958,0.00044505,-0.00918273,-0.000488597,0.999989,-0.00474061,0.00918051,0.00474489,0.999947
165,166,-0.0750096,-0.0125322,0.00281084,0.999961,-0.00331649,0.00820829,0.00329401,0.999991,0.00275089,-0.00821734,-0.00272375,0.999963
166,167,0.0370083,0.0601104,0.0693556,0.999918,0.00890869,-0.00924129,-0.00907028,0.999804,-0.0175933,0.00908275,0.0176757,0.999803
167,168,-0.0563565,-0.00613015,-0.0321634,0.999998,0.000198169,0.00173654,-0.000197426,1,-0.000427858,-0.00173662,0.000427515,0.999998
168,169,0.00522479,0.00368243,0.00591953,0.999957,-0.00203276,-0.00901488,0.00204846,0.999996,0.00173349,0.00901133,-0.00175189,0.999958
169,170,0.00660443,0.00377148,-0.00782748,0.999941,0.00174143,-0.0107277,-0.0017787,0.999992,-0.00346542,0.0107216,0.0034843,0.999936
170,171,-0.0422714,-0.0602121,-0.0288792,0.999969,-0.00785404,0.000529671,0.00784525,0.999858,0.0149339,-0.000646887,-0.0149293,0.999888
171,172,-0.0140191,-0.00109361,0.147227,0.999758,-0.0193464,0.0104616,0.0192714,0.999788,0.00721508,-0.010599,-0.00701173,0.999919
172,173,0,0,0,1,0,0,0,1,0,0,0,1
173,174,-0.0295931,-0.0132183,0.108599,0.999881,-0.00515766,0.0145544,0.00521102,0.99998,-0.00363063,-0.0145354,0.00370604,0.999887
174,175,0.017619,0.0375535,0.104154,0.999996,-0.00266981,-0.000142969,0.00266874,0.999972,-0.00702309,0.000161716,0.00702269,0.999975
175,176,0.00923862,-0.0130444,-0.00286767,0.999916,0.00130651,-0.0129188,-0.00132039,0.999999,-0.00106578,0.0129174,0.00108275,0.999916
176,177,0,0,0,1,0,0,0,1,0,0,0,1
177,178,0.0125534,0.015021,-0.0930748,0.999807,-0.00159292,-0.0196013,0.00148558,0.999984,-0.00548914,0.0196097,0.00545896,0.999793
178,179,-0.0261837,-0.0123912,-0.0350293,0.999973,-0.000560672,-0.0073065,0.000630439,0.999954,0.00954984,0.00730081,-0.00955419,0.999928
179,180,0.0514507,-0.00433029,-0.00227192,0.999782,0.00207044,-0.020754,-0.00218072,0.999984,-0.00529245,0.0207427,0.00533656,0.999771
180,181,-0.0630071,0.015978,-0.0251477,0.99999,-0.000164533,0.00452105,0.000181235,0.999993,-0.00369407,-0.00452041,0.00369485,0.999983
181,182,0.00359349,0.00261918,-0.00966087,0.999932,-0.000596584,-0.0116456,0.000604043,1,0.00063699,0.0116452,-0.000643981,0.999932
182,183,0.00516551,-0.00795134,-0.0216972,0.999929,0.00153845,-0.0118395,-0.00154204,0.999999,-0.000294307,0.011839,0.000312543,0.99993
183,184,-0.0321756,0.000768937,-0.0166547,0.999991,-0.00391931,-0.00148316,0.00391759,0.999992,-0.00116401,0.00148771,0.00115819,0.999998
184,185,0.00715944,0.00085036,-0.00613674,0.999879,-0.00174262,-0.0154281,0.00173985,0.999998,-0.000193022,0.0154284,0.000166156,0.999881
185,186,-0.00027845,-0.000665517,-0.0176251,0.999932,0.00414912,-0.0109072,-0.00412068,0.999988,0.00262879,0.010918,-0.00258366,0.999937
186,187,-0.0160142,-0.0087119,-0.0328191,0.99996,-0.00277173,-0.00849294,0.0028137,0.999984,0.00493411,0.00847912,-0.00495781,0.999952
187,188,0.00358243,-0.0128785,-0.0127229,0.999886,-0.00594212,-0.0138453,0.00607789,0.999934,0.00978455,0.0137862,-0.00986759,0.999856
188,189,0.00246937,0.00920289,-0.00578069,0.99991,0.0101364,-0.00877272,-0.0101714,0.99994,-0.00396264,0.00873203,0.00405151,0.999954
189,190,-0.00523128,-0.00256311,-0.0179126,0.999975,-0.00207199,-0.00678952,0.00208215,0.999997,0.00148963,0.00678641,-0.00150373,0.999976
190,191,-0.00576039,-0.000302279,-0.017848,0.999957,0.00402846,-0.00835236,-0.00402745,0.999992,0.000137168,0.00835284,-0.000103524,0.999965
191,192,-0.00686879,-0.00284306,-0.012593,0.999987,0.00367588,-0.00342124,-0.00365883,0.999981,0.00497847,0.00343947,-0.00496589,0.999982
192,193,0.00188246,0.00521575,-0.00454853,0.999963,-0.00219633,-0.00830204,0.0021562,0.999986,-0.00483976,0.00831255,0.00482168,0.999954
193,194,-0.000805988,-0.000536235,-0.0130084,0.999967,0.00256111,-0.0076864,-0.00254809,0.999995,0.0017022,0.00769073,-0.00168256,0.999969
194,195,-0.00310017,-0.00244305,-0.0182156,0.999957,-0.00177184,-0.00905837,0.00175961,0.999998,-0.00135759,0.00906075,0.00134159,0.999958
195,196,0.00202887,-0.000861268,-0.0145583,0.999957,0.00130621,-0.00921238,-0.00129209,0.999998,0.00153814,0.00921437,-0.00152617,0.999956
196,197,-3.46805e-05,-0.00503393,-0.0200174,0.999957,0.000228813,-0.00931962,-0.000223118,1,0.000612139,0.00931976,-0.000610033,0.999956
197,198,-0.00863061,0.00471981,-0.0191633,0.999983,0.00437312,-0.00384039,-0.00438299,0.999987,-0.00256499,0.00382912,0.00258178,0.999989
198,199,-2.70433e-05,0.00223649,-0.00661436,0.999981,-0.00202443,-0.00589165,0.00199856,0.999988,-0.00439498,0.00590047,0.00438312,0.999973
199,200,-0.00308183,0.00729014,-0.013814,0.999968,0.00372279,-0.00701313,-0.00372283,0.999993,8.36185e-06,0.00701311,1.77471e-05,0.999975
200,201,0.00712605,0.000965425,0.00132713,0.999964,-0.000998654,-0.00840535,0.00102118,0.999996,0.00267663,0.00840264,-0.00268512,0.999961
201,202,-0.00317139,0.000125992,-0.00900425,0.999978,0.00317432,-0.00578284,-0.00320741,0.999978,-0.00572281,0.00576455,0.00574123,0.999967
202,203,-0.00420854,0.00441358,-0.00752771,0.999996,0.00209898,-0.00181112,-0.002102,0.999996,-0.00166793,0.00180761,0.00167173,0.999997
203,204,0.00216719,0.00638449,-0.00107273,0.999979,0.00146029,-0.00637785,-0.00147411,0.999997,-0.00216198,0.00637468,0.00217134,0.999977
204,205,0.00145872,0.000887735,-0.0099618,0.999994,0.00113378,-0.00316892,-0.00111816,0.999987,0.00492629,0.00317446,-0.00492272,0.999983
205,206,0.00202765,-0.00526702,-0.00808978,0.999995,-0.00136867,-0.00274941,0.0013747,0.999997,0.00218928,0.0027464,-0.00219305,0.999994
206,207,0.0057675,0.00414516,0.000883712,0.999998,0.00046796,-0.00189463,-0.000464481,0.999998,0.00183608,0.00189549,-0.00183519,0.999997
207,208,0.00231952,-0.000249307,-0.0120272,0.999997,-0.000696504,-0.00251343,0.000692791,0.999999,-0.00147784,0.00251446,0.00147609,0.999996
208,209,0.000777837,0.0176147,-0.00167057,0.999979,0.00525463,0.00375087,-0.00523073,0.999966,-0.00635431,-0.00378413,0.00633456,0.999973
209,210,-0.000633314,0.00380887,-0.00365463,0.999988,0.000656793,0.00483609,-0.000638919,0.999993,-0.00369653,-0.00483849,0.00369339,0.999981
210,211,0.00426194,0.0030894,-0.00131217,0.999991,0.00201428,0.00381008,-0.0020017,0.999993,-0.00330141,-0.0038167,0.00329375,0.999987
211,212,-0.00464869,0.00367493,-0.013967,0.999975,0.000747183,0.00708223,-0.000721007,0.999993,-0.00369794,-0.00708494,0.00369274,0.999968
212,213,-0.000783461,0.00185699,-0.0176031,0.999992,-0.00102697,0.0039295,0.0010171,0.999996,0.00251296,-0.00393207,-0.00250894,0.999989
213,214,-0.0011681,-0.000703356,-0.0111697,0.999978,-0.000343908,0.00668465,0.00033981,1,0.000614112,-0.00668486,-0.000611827,0.999977
214,215,-0.000702766,0.0046691,-0.00680037,0.999971,-0.00302991,0.00703195,0.00303535,0.999995,-0.000762808,-0.00702961,0.00078413,0.999975
215,216,0.00237853,0.00213056,-0.0102379,0.999975,0.000724475,0.00704493,-0.000733812,0.999999,0.00132277,-0.00704396,-0.00132791,0.999974
216,217,0.00108937,0.00257133,-0.00744335,0.999956,3.26276e-05,0.00933194,-3.27082e-05,1,8.48918e-06,-0.00933194,-8.79404e-06,0.999956
217,218,-0.00746733,-0.00442217,-0.0175355,0.99992,0.00325682,0.012198,-0.00327576,0.999993,0.00153319,-0.0121929,-0.00157302,0.999924
218,219,-0.000182584,0.00369333,-0.0100192,0.999916,0.00301332,0.01259,-0.00304864,0.999991,0.00278701,-0.0125815,-0.00282516,0.999917
219,220,-0.00320044,-0.0143446,-0.0158405,0.999924,-0.00965348,0.00764071,0.00952566,0.999817,0.0165911,-0.00779948,-0.0165171,0.999833
220,221,0.00728523,0.0225693,-0.00489308,0.99984,0.0149696,0.00974605,-0.0148247,0.999781,-0.0147709,-0.00996503,0.014624,0.999843
221,222,-0.0127527,-0.00815608,-0.0132664,0.999657,-0.00731033,0.0251375,0.00737833,0.999969,-0.00261363,-0.0251177,0.00279821,0.999681
222,223,-0.0101008,0.00894919,0.00344272,0.999886,-0.00517563,0.0141932,0.0052299,0.999979,-0.00378932,-0.0141733,0.00386312,0.999892
223,224,-0.0176164,0.0436368,-0.00328651,0.999802,0.00688077,0.0186946,-0.00673833,0.999948,-0.00767167,-0.0187464,0.00754418,0.999796
224,225,0.00477617,0.00118737,0.000539452,0.999861,-0.00306689,0.016364,0.00306868,0.999995,-8.37607e-05,-0.0163637,0.000133965,0.999866
225,226,-0.0325879,0.00759147,-0.0179654,0.999837,-0.00431912,0.0175082,0.00435798,0.999988,-0.00218214,-0.0174985,0.00225808,0.999844
226,227,0.00197129,-0.00726402,0.0028122,0.999899,-0.000345647,0.0142246,0.00027587,0.999988,0.00490707,-0.0142261,-0.00490265,0.999887
227,228,0.0250706,0.00824442,0.00921793,0.999952,0.000528474,0.00983431,-0.000482229,0.999989,-0.00470426,-0.00983669,0.00469929,0.999941
228,229,-0.0152417,0.0372603,-0.00825699,0.99985,0.00213085,0.0172013,-0.00195984,0.999949,-0.00995281,-0.0172216,0.0099176,0.999803
229,230,0.00230439,0.00628302,0.0129372,0.999876,-0.000400667,0.0157599,0.00041746,0.999999,-0.00106226,-0.0157595,0.00106871,0.999875
230,231,-0.0374266,0.011739,0.00429644,0.999693,-0.000301268,0.0247716,0.000352165,0.999998,-0.0020503,-0.0247709,0.00205839,0.999691
231,232,0.0109151,-0.00533211,0.0106792,0.999923,-0.00165384,0.0123268,0.00169996,0.999992,-0.00373175,-0.0123205,0.00375242,0.999917
232,233,0,0,0,1,0,0,0,1,0,0,0,1
233,234,0.0863158,-0.0347287,0.00491239,0.999927,-0.00749302,-0.00949636,0.00766788,0.999799,0.0185135,0.00935573,-0.0185849,0.999784
234,235,-0.0602012,0.00929723,-0.00211456,0.999676,0.000138094,0.0254623,-3.33448e-05,0.999992,-0.00411427,-0.0254626,0.00411209,0.999667
235,236,-0.0127222,-0.0286288,-0.0095398,0.99984,-0.000641485,0.0178638,0.000633849,1,0.000433143,-0.0178641,-0.000421751,0.99984
236,237,0,0,0,1,0,0,0,1,0,0,0,1
237,238,0,0,0,1,0,0,0,1,0,0,0,1
238,239,0,0,0,1,0,0,0,1,0,0,0,1
239,240,0.0639373,-0.101086,0.0288885,0.999959,-0.0090196,-0.00113125,0.00904149,0.999736,0.0211232,0.000940431,-0.0211326,0.999776
240,241,-0.118104,0.000579859,-0.0569604,0.999557,-0.00806287,0.0286532,0.00828892,0.999935,-0.0077793,-0.0285887,0.00801336,0.999559
241,242,-0.051668,0.0844266,-0.0652892,0.999544,0.0152109,0.0260959,-0.0151979,0.999884,-0.000696612,-0.0261035,0.000299691,0.999659
242,243,0,0,0,1,0,0,0,1,0,0,0,1
243,244,0.0188099,0.0174542,0.0566259,0.999954,0.00275303,0.00915669,-0.00261872,0.999889,-0.0146473,-0.009196,0.0146226,0.999851
244,245,0.00115212,0.0158019,-0.0646029,0.999834,-0.00740853,0.0166635,0.00774059,0.999771,-0.0199517,-0.0165119,0.0200774,0.999662
245,246,0.00139416,0.018978,-0.0674588,0.999958,0.00854598,0.00324848,-0.00858176,0.999901,0.0111657,-0.00315273,-0.0111931,0.999932
246,247,-0.00411214,-0.000936964,0.00697306,0.999943,-0.00780271,0.0073153,0.00772386,0.999912,0.0107461,-0.00739851,-0.0106889,0.999916
247,248,0.0162452,0.00032156,-0.000176606,0.999916,0.000215408,0.012989,-0.000230648,0.999999,0.00117184,-0.0129888,-0.00117473,0.999915
248,249,0.130927,0.00689131,-0.0250014,0.999791,0.00108008,-0.0203921,-0.00116586,0.999991,-0.004195,0.0203873,0.0042179,0.999783
249,250,0.0100275,0.0192862,0.0504884,0.999068,0.0405771,0.0147218,-0.0407492,0.999102,0.0115874,-0.0142384,-0.0121765,0.999824
250,251,0.0678761,-0.00397505,0.00205913,0.999999,0.000809348,-0.00128202,-0.00080879,1,0.000435072,0.00128237,-0.000434035,0.999999
251,252,0.00519405,-0.031541,-0.0938961,0.999544,0.0301539,-0.00133876,-0.0301318,0.999444,0.0142449,0.00176756,-0.0141981,0.999898
252,253,0.0204061,0.0375354,0.0521004,0.999852,-0.00465537,0.0165402,0.00481514,0.999942,-0.00963266,-0.0164944,0.00971088,0.999817
253,254,-0.0273257,0.0142265,0.0237336,0.999805,0.0018974,0.0196652,-0.00181442,0.999989,-0.00423646,-0.0196731,0.00419996,0.999798
254,255,0.0469536,-0.0122663,-0.0242628,1,-0.000660988,0.000505266,0.000659002,0.999992,0.00392199,-0.000507854,-0.00392165,0.999992
255,256,0.0216165,-0.000992745,-0.0308988,0.999971,-0.00332019,0.0068086,0.0033112,0.999994,0.00133225,-0.00681298,-0.00130967,0.999976
256,257,0.0339042,-0.0189391,-0.0220234,0.999984,-0.00503722,0.00258476,0.00502906,0.999982,0.00315146,-0.00260059,-0.00313841,0.999992
257,258,-0.0184998,0.0182634,-0.00471748,0.999846,0.00196764,0.017449,-0.00192001,0.999994,-0.0027456,-0.0174543,0.00271167,0.999844
258,259,0,0,0,1,0,0,0,1,0,0,0,1
259,260,-0.0265887,0.0120759,-0.0281243,0.999838,0.00279147,0.0177834,-0.00276219,0.999995,-0.00167072,-0.017788,0.00162133,0.99984
260,261,0.0111857,-0.0188799,0.013062,0.999914,-0.00227233,0.0129487,0.00219376,0.999979,0.00607845,-0.0129622,-0.00604952,0.999898
261,262,-0.0186677,0.0176179,-0.0293253,0.999896,0.000827763,0.0144069,-0.000736978,0.99998,-0.00630567,-0.0144118,0.0062944,0.999876
262,263,-0.0177653,-0.00778669,-0.0198327,0.99985,-0.00191167,0.0172265,0.00181192,0.999982,0.00580425,-0.0172373,-0.00577216,0.999835
263,264,0.0115328,-0.00684507,0.00640141,0.999928,-0.000418446,0.0119796,0.000383633,0.999996,0.00290816,-0.0119808,-0.00290336,0.999924
264,265,0.00247986,-0.00262915,-0.018488,0.999914,-5.19056e-05,0.0131168,5.59641e-05,1,-0.000309041,-0.0131168,0.000309748,0.999914
265,266,-0.0317292,0.0109333,-0.0295787,0.999833,0.0018607,0.0181798,-0.00201239,0.999963,0.00832914,-0.0181636,-0.00836433,0.9998
266,267,0,0,0,1,0,0,0,1,0,0,0,1
267,268,0.0272564,-0.00595143,-0.00403597,0.999989,-0.000966975,-0.00454568,0.00101384,0.999946,0.0103196,0.00453546,-0.0103241,0.999936
268,269,-0.0157077,0.0116753,0.0118406,0.999821,-0.00190544,0.0188461,0.00205676,0.999966,-0.00801316,-0.0188302,0.00805048,0.99979
269,270,-0.00801107,0.0927389,-0.0885244,0.99978,0.0209476,0.000663733,-0.0209329,0.999631,-0.017329,-0.00102649,0.0173113,0.99985
270,271,-0.0988979,-0.0204692,0.0435845,0.99957,-0.00847495,0.0280743,0.00848842,0.999964,-0.000360369,-0.0280702,0.00059852,0.999606
271,272,0.0209257,0.0473456,-0.00721421,0.999933,-0.00318984,0.0111569,0.00333549,0.999909,-0.0130605,-0.0111143,0.0130969,0.999852
272,273,-0.0205741,-0.0217474,-0.0165684,0.999855,-0.00273431,0.0168339,0.00264622,0.999983,0.00525321,-0.016848,-0.0052079,0.999844
273,274,0,0,0,1,0,0,0,1,0,0,0,1
274,275,-0.0418084,0.0117843,-0.0362153,0.999708,-0.00588759,0.0234373,0.00601637,0.999967,-0.00542772,-0.0234046,0.00556714,0.999711
275,276,-0.00122258,0.0458556,-0.0447006,0.99987,-0.000887328,0.0161148,0.00152851,0.999206,-0.0398199,-0.0160667,0.0398393,0.999077
276,277,-0.00521272,-0.0235,-0.0795952,0.999772,-0.00790772,0.019835,0.00773257,0.999931,0.00889127,-0.0199039,-0.00873587,0.999764
277,278,-0.00215726,-0.109429,0.0411144,0.999902,0.0122168,0.00687768,-0.012337,0.999767,0.0177098,-0.00665972,-0.0177929,0.99982
278,279,-0.0148475,0.01828,-0.0128711,0.99992,0.00325961,0.0122363,-0.00337642,0.999949,0.00953745,-0.0122046,-0.009578,0.99988
279,280,0,0,0,1,0,0,0,1,0,0,0,1
280,281,0.0130265,0.000252234,-0.00644857,0.999972,0.000136325,0.00743793,-8.91451e-05,0.99998,-0.00634309,-0.00743864,0.00634225,0.999952
281,282,0,0,0,1,0,0,0,1,0,0,0,1
282,283,-0.0214555,-0.0301182,0.00193716,0.999583,0.00888424,0.027487,-0.00934183,0.999819,0.0165645,-0.0273349,-0.0168143,0.999485
283,284,-0.0261365,-0.0513305,0.0677931,0.99989,0.00212877,0.0146751,-0.00242019,0.9998,0.0198687,-0.0146299,-0.019902,0.999695
284,285,-0.00431577,-0.0264412,-0.00521554,0.999929,-0.00122104,0.0118743,0.0010675,0.999916,0.012928,-0.0118891,-0.0129144,0.999846
285,286,0,0,0,1,0,0,0,1,0,0,0,1
286,287,0.0115649,-0.0230848,0.00924057,0.999999,-0.000461806,0.00144873,0.000422704,0.999639,0.0268759,-0.00146061,-0.0268752,0.999638
287,288,0.0298812,0.00111561,-0.0360491,0.999989,-0.00154926,0.00453312,0.00163683,0.999811,-0.0193771,-0.00450224,0.0193843,0.999802
288,289,0,0,0,1,0,0,0,1,0,0,0,1
289,290,0.0578337,-0.0212463,0.00442751,0.999936,-0.0112474,-0.00146446,0.0112651,0.999856,0.0126752,0.00132168,-0.0126909,0.999919
290,291,0.0182586,0.0424023,-0.000839524,0.999995,-0.00192645,0.00265527,0.00197076,0.999857,-0.0167881,-0.00262255,0.0167932,0.999856
291,292,0.0242537,-0.0645724,0.0252415,0.99998,-0.00545646,-0.00321468,0.00563955,0.998182,0.0600049,0.00288142,-0.0600218,0.998193
292,293,-0.0125662,-0.0295313,-0.038991,0.999794,-0.0154219,0.0131951,0.0153415,0.999863,0.00617605,-0.0132885,-0.00597234,0.999894
293,294,0,0,0,1,0,0,0,1,0,0,0,1
294,295,0.0139182,-0.0638562,0.0105246,0.999846,-0.0173429,0.00264405,0.0171941,0.998672,0.0485747,-0.00348296,-0.0485218,0.998816
295,296,0.019677,-0.0794839,0.00525543,0.999955,-0.00913939,0.00243699,0.00900091,0.998617,0.0518018,-0.00290705,-0.0517775,0.998654
296,297,-0.00696334,-0.00739009,-0.0205768,0.999844,-0.00145053,0.0175823,0.00137773,0.99999,0.00415194,-0.0175882,-0.00412707,0.999837
297,298,-0.00206023,-0.005125,-0.0163018,0.999898,-0.00211856,0.014115,0.00219689,0.999982,-0.00553614,-0.014103,0.00556658,0.999885
298,299,0.00631046,-0.0682637,0.0216273,0.999901,0.0135615,0.00374208,-0.0137629,0.99808,0.0603976,-0.00291581,-0.0604431,0.998167
299,300,-0.0185082,-0.036969,-0.075312,0.999795,0.00586463,0.0193933,-0.00600844,0.999955,0.00736513,-0.0193492,-0.00748014,0.999785
300,301,-0.0169265,0.0153096,-0.0336015,0.999841,-0.00161217,0.0177544,0.00184698,0.999911,-0.0132171,-0.0177315,0.0132478,0.999755
301,302,-0.00494994,-0.00951661,-0.0286824,0.999805,-0.00320383,0.019467,0.00320292,0.999995,7.77885e-05,-0.0194672,-1.54221e-05,0.99981
302,303,-0.00898629,0.00793696,-0.006849,0.999915,-0.00222778,0.0128816,0.00235008,0.999952,-0.00948676,-0.0128598,0.00951622,0.999872
303,304,-0.0191055,0.0106235,-0.0201785,0.999813,0.00102026,0.0193239,-0.00104695,0.999999,0.00137079,-0.0193225,-0.00139077,0.999812
304,305,-0.0062985,-0.0125446,-0.00836285,0.999906,-0.00461598,0.0129074,0.00453823,0.999971,0.00604678,-0.0129349,-0.00598763,0.999898
305,306,0.00877531,0.0061814,0.00563965,0.999926,-0.00132601,0.0121195,0.00142506,0.999966,-0.00816768,-0.0121082,0.00818434,0.999893
306,307,0.0113358,-0.0043334,-0.0280344,0.999888,-0.00182369,0.0148477,0.00175212,0.999987,0.00483162,-0.0148563,-0.00480507,0.999878
307,308,-0.00416324,0.00187061,-0.00870775,0.999928,0.00224556,0.0117715,-0.00229612,0.999988,0.00428315,-0.0117617,-0.00430987,0.999922
