frame1, frame2, tx, ty, tz, r11, r12, r13, r21, r22, r23, r31, r32, r33
0,1,-0.00894134,0.00692298,0.00225068,0.999833,0.00573088,-0.01735,-0.005347,0.999742,0.0220917,0.0174721,-0.0219953,0.999605
1,2,-0.0146239,0.00681351,-0.00390644,0.999271,0.00277643,-0.0380865,-0.000286612,0.997871,0.065223,0.0381865,-0.0651645,0.997144
2,3,0.00710033,-0.0046173,0.0160421,0.999425,-0.00280886,-0.0338035,0.00493913,0.997995,0.0631017,0.0335584,-0.0632324,0.997434
3,4,0,0,0,1,0,0,0,1,0,0,0,1
4,5,0.00138558,-0.00199538,0.0136576,0.999746,-0.00552633,-0.0218529,0.00652079,0.998934,0.0457006,0.0215771,-0.0458315,0.998716
5,6,0.00576964,0.000374389,0.0117164,0.999733,-0.00324295,-0.022876,0.00410922,0.999272,0.0379232,0.0227364,-0.0380071,0.999019
6,7,0.00317821,0.00119979,0.011617,0.999825,-0.00363746,-0.0183741,0.00437089,0.999189,0.0400353,0.0182135,-0.0401086,0.999029
7,8,0.0027485,-0.00496791,0.0110835,0.999886,0.000383669,-0.0150714,0.00010283,0.999479,0.0322656,0.0150759,-0.0322635,0.999366
8,9,-0.000844084,0.0072791,0.00884892,0.999912,-0.00168856,-0.013187,0.00207517,0.999567,0.0293586,0.0131317,-0.0293833,0.999482
9,10,0.00151307,-0.0083768,0.0109978,0.999881,0.000601544,-0.0154361,-4.63688e-05,0.999354,0.0359412,0.0154478,-0.0359362,0.999235
10,11,-0.000623921,0.00159323,0.00626686,0.999956,0.00284211,-0.00895062,-0.00270468,0.999879,0.015329,0.0089931,-0.0153041,0.999842
11,12,0.000454182,0.0013749,0.00629739,0.999943,-0.00243064,-0.0103728,0.00266908,0.999731,0.0230351,0.010314,-0.0230615,0.999681
12,13,0.0076046,-0.00590621,0.0147729,0.999874,0.00295098,-0.015568,-0.0026935,0.99986,0.0165341,0.0156146,-0.0164901,0.999742
13,14,0.00146821,-6.22874e-05,0.00776532,0.999988,0.000247349,-0.00495815,-0.000254941,0.999999,-0.0015307,0.00495777,0.00153194,0.999987
14,15,0.00932199,-0.0144162,0.00686169,0.999962,0.00369874,-0.00787971,-0.00385446,0.999796,-0.0198394,0.00780472,0.0198691,0.999772
15,16,0.00205452,-0.00501531,-0.00227468,0.999981,0.00506827,0.00343925,-0.00500205,0.999807,-0.0189973,-0.00353487,0.0189798,0.999814
16,17,-0.000330474,-0.00464266,-0.00308675,0.99994,0.00881073,0.00656114,-0.00867202,0.999744,-0.0208774,-0.00674341,0.0208193,0.999761
17,18,-0.00256275,-0.00686391,-0.00377897,0.999975,0.00503892,0.00490191,-0.00494344,0.999802,-0.0192996,-0.00499818,0.0192749,0.999802
18,19,-1.09919e-05,-0.00405927,-0.00392666,0.999994,0.00355308,-0.000525485,-0.00356355,0.999763,-0.0214784,0.000449046,0.0214801,0.999769
19,20,-0.00129102,-0.00389734,-0.00299093,0.999994,0.00348961,-0.000396977,-0.00349756,0.999748,-0.0221658,0.000319527,0.022167,0.999754
20,21,-0.00233517,-0.00234455,-0.00363381,0.999991,0.00330406,0.00276743,-0.00324462,0.99977,-0.0212151,-0.00283689,0.0212059,0.999771
21,22,0.00130444,-0.00432434,-0.00243059,0.999999,-0.000840978,0.00124095,0.000865477,0.999802,-0.0198758,-0.00122399,0.0198768,0.999802
22,23,-0.000345333,-0.00574857,-0.0015376,1,-0.000555284,-0.000179795,0.000551469,0.999788,-0.0205622,0.000191175,0.0205621,0.999789
23,24,0.00412536,-0.00948163,-0.000699741,0.999994,-0.00240018,-0.00254362,0.00234214,0.999742,-0.0225794,0.00259716,0.0225733,0.999742
24,25,0.00131163,-0.00344009,-0.00338174,0.999996,-0.00268695,0.000315358,0.00269492,0.999581,-0.0288276,-0.000237767,0.0288284,0.999584
25,26,0.0184636,-0.0191276,-0.00282162,0.999917,-0.00929822,0.00896288,0.00978561,0.998385,-0.0559624,-0.00842806,0.0560454,0.998393
26,27,-0.00167786,0.00855186,-0.00278274,0.999797,0.00484588,0.0195727,-0.00418152,0.999418,-0.0338427,-0.0197253,0.033754,0.999235
27,28,0.0058901,-0.00283302,-0.00662051,0.999684,0.00484575,0.0246736,-0.00392101,0.999293,-0.0373906,-0.0248374,0.037282,0.998996
28,29,0.00465496,0.00508305,-0.00155748,0.999894,0.00271256,0.014293,-0.00238405,0.999734,-0.022951,-0.0143514,0.0229145,0.999634
29,30,0.00523725,-0.000632333,-0.00184159,0.99981,0.00126533,0.0194419,-0.001062,0.999945,-0.0104652,-0.0194541,0.0104425,0.999756
30,31,0.00784258,-0.00382163,0.00335915,0.999672,-0.00618989,0.0248512,0.00653006,0.999886,-0.0136306,-0.024764,0.0137884,0.999598
31,32,0.00643267,0.00540349,-0.00425989,0.999587,-0.00868852,0.0274002,0.00927107,0.999732,-0.0212058,-0.0272086,0.0214511,0.9994
32,33,0.0087609,0.00755636,-0.0120522,0.999267,-0.0180982,0.0337266,0.0183696,0.999801,-0.00775213,-0.0335796,0.00836599,0.999401
33,34,0.00465554,-0.00572429,-0.000115187,0.998906,-0.0259363,0.0389166,0.0254962,0.999606,0.0117622,-0.0392063,-0.0107571,0.999173
34,35,0.0152733,0.000417631,-0.00887108,0.995254,-0.0594201,0.0770602,0.0586882,0.998207,0.0117293,-0.077619,-0.00715111,0.996957
35,36,0.00512189,-0.00347877,0.000102377,0.998832,-0.0291568,0.0385268,0.0285098,0.999445,0.0172383,-0.039008,-0.0161198,0.999109
36,37,0.0131483,0.00097262,0.00175213,0.998867,-0.0318241,0.0353874,0.0313921,0.999426,0.0126969,-0.0357712,-0.0115716,0.999293
37,38,0.00564579,-0.00251235,0.00323937,0.998618,-0.0330166,0.0409008,0.0324348,0.999364,0.0148076,-0.0413637,-0.0134605,0.999053
38,39,0.00596268,0.00136424,0.000983373,0.998908,-0.0336805,0.0323662,0.033429,0.999407,0.0082808,-0.0326259,-0.0071898,0.999442
39,40,0.00754653,0.00441632,-0.00125688,0.999121,-0.0351166,0.0228763,0.0348411,0.999317,0.0123333,-0.0232937,-0.0115254,0.999662
40,41,0.01305,-0.00209456,0.0033125,0.999447,-0.0294094,0.0154957,0.029065,0.999335,0.0219989,-0.0161323,-0.0215364,0.999638
41,42,0.02051,0.00149099,0.00260495,0.99939,-0.0277167,0.0212471,0.0273835,0.9995,0.0158185,-0.0216749,-0.015227,0.999649
42,43,0.01795,0.00491872,0.000726603,0.998828,-0.0254836,0.0411413,0.0246273,0.999472,0.0211882,-0.0416595,-0.0201502,0.998929
43,44,0.0137771,0.000530284,0.00579923,0.99872,-0.0185531,0.047051,0.0173572,0.999519,0.0256993,-0.0475051,-0.0248498,0.998562
44,45,0.0160452,0.00327839,0.00550181,0.998807,-0.0109868,0.0475757,0.0101531,0.999791,0.0177288,-0.0477606,-0.0172246,0.99871
45,46,0.0102542,0.00140619,0.00309586,0.997996,-0.0103096,0.0624293,0.00893673,0.999713,0.0222299,-0.0626406,-0.0216274,0.997802
46,47,0.0139199,0.000836571,0.00295394,0.998106,-0.0103232,0.0606447,0.00917917,0.999775,0.0191129,-0.0608284,-0.01852,0.997976
47,48,0.00805883,0.00334618,0.00728322,0.997944,-0.00616623,0.0637914,0.0053839,0.999908,0.0124285,-0.0638622,-0.0120595,0.997886
48,49,0.0286644,-0.00964273,0.00369012,0.992007,-0.010016,0.125783,0.00550649,0.999331,0.0361482,-0.12606,-0.0351666,0.991399
49,50,0.00620651,-0.00193496,0.00440716,0.997925,-0.00383,0.0642765,0.00380408,0.999993,0.000525688,-0.0642781,-0.000280084,0.997932
50,51,0.00691367,0.00204265,-0.00431716,0.99839,-0.0025961,0.0566711,0.00268795,0.999995,-0.00154468,-0.0566669,0.00169453,0.998392
51,52,0.0102344,-0.00473695,0.0100622,0.998832,-0.00712554,0.0477892,0.00705829,0.999974,0.00157574,-0.0477991,-0.00123659,0.998856
52,53,0,0,0,1,0,0,0,1,0,0,0,1
53,54,0.00635108,-0.00785775,-0.00277138,0.999707,-0.00851426,0.022676,0.00884421,0.999856,-0.0144902,-0.0225493,0.0146865,0.999638
54,55,0.00890985,-0.0093185,-0.00242971,0.999903,-0.00735799,0.0118354,0.00757991,0.999794,-0.0188162,-0.0116945,0.0189041,0.999753
55,56,0.015155,-0.00744104,-0.00166985,0.999953,-0.00594246,0.00760499,0.00613413,0.999658,-0.0254324,-0.00745125,0.0254778,0.999648
56,57,0.0127931,-0.00583273,-0.00305529,0.999904,-0.0059496,0.012537,0.00626512,0.999661,-0.0252798,-0.0123824,0.0253559,0.999602
57,58,0.0118252,-0.00896513,-0.00384231,0.99992,-0.00395809,0.0119949,0.00426411,0.999663,-0.0255956,-0.0118896,0.0256447,0.9996
58,59,0.0134386,-0.0104792,-0.00425735,0.999971,-0.00224453,0.00730739,0.00244669,0.999611,-0.0277753,-0.00724221,0.0277923,0.999587
59,60,0.0135085,0.000214225,-0.00674023,0.999965,0.00658643,0.0052092,-0.00638296,0.999251,-0.0381574,-0.00545663,0.0381228,0.999258
60,61,0.0152801,-0.00479891,-0.00388504,0.99986,0.016207,0.00407908,-0.0161166,0.999643,-0.0212999,-0.00442284,0.0212312,0.999765
61,62,0.0160149,-0.0132491,-0.00620574,0.999864,0.0165018,-0.000361741,-0.0165057,0.999563,-0.0245058,-4.28063e-05,0.0245084,0.9997
62,63,0.0148969,-0.0072599,-0.00709611,0.999798,0.0189877,-0.00653838,-0.0191888,0.999297,-0.0322068,0.00592225,0.0323258,0.99946
63,64,0.0137398,-0.00202843,-0.00826361,0.999328,0.0324871,-0.0169496,-0.0329805,0.999015,-0.0296934,0.0159682,0.0302325,0.999415
64,65,0.0204718,-0.00728258,-0.00702755,0.998973,0.0357839,-0.0277981,-0.0362967,0.999176,-0.0181685,0.027125,0.0191588,0.999448
65,66,0.0215499,-0.00727008,-0.00605538,0.99868,0.0448627,-0.0249969,-0.0453498,0.998785,-0.0192718,0.024102,0.02038,0.999502
66,67,0.0208477,-0.00998269,-0.00598782,0.998477,0.0504247,-0.0223892,-0.0508736,0.998506,-0.0199578,0.0213494,0.0210664,0.99955
67,68,0.0223711,-0.00986066,-0.00521843,0.998768,0.0440942,-0.0227698,-0.0447378,0.99859,-0.0285731,0.0214778,0.0295565,0.999332
68,69,0.0210658,-0.00747978,-0.00694656,0.999408,0.0268909,-0.0214692,-0.0275776,0.999096,-0.0323547,0.0205797,0.0329276,0.999246
69,70,0.0256817,0.00888622,-0.00461317,0.999225,-0.0175523,-0.0352289,0.0164439,0.999368,-0.0315092,0.0357597,0.0309055,0.998882
70,71,0.022169,-0.0030929,-0.00436299,0.999384,0.0188059,-0.0296222,-0.0197323,0.999315,-0.0312978,0.0290133,0.0318631,0.999071
71,72,0.0268011,-0.0159767,-0.00320002,0.99947,0.019383,-0.026138,-0.0199222,0.999591,-0.020527,0.0257294,0.0210368,0.999448
72,73,0.025248,0.00259559,-0.00584904,0.999937,0.0012383,-0.0111303,-0.00157461,0.999541,-0.0302575,0.0110878,0.0302731,0.99948
73,74,0.0244521,-0.00144512,-0.005746,0.999989,-0.0046372,-0.000769111,0.00463514,0.999986,-0.00266515,0.000781459,0.00266155,0.999996
74,75,0.0219843,-0.00167588,-0.00699896,0.999974,-0.00483807,-0.00540284,0.00483651,0.999988,-0.000301001,0.00540423,0.000274862,0.999985
75,76,0.0249585,0.000599775,-0.00114131,0.9999,-0.00143718,-0.0140586,0.00146907,0.999996,0.00225843,0.0140553,-0.00227885,0.999899
76,77,0.0194742,0.00546267,-0.00435848,0.999933,-0.00802135,-0.00832993,0.008034,0.999967,0.00148549,0.00831773,-0.00155232,0.999964
77,78,0.019676,0.000797752,-0.00328966,0.999835,-0.00504826,-0.0174778,0.00534005,0.999846,0.0166888,0.0173908,-0.0167794,0.999708
78,79,0.0431478,-0.00109269,-0.00302695,0.999365,0.0105154,-0.0340411,-0.0101538,0.99989,0.0107761,0.0341507,-0.0104236,0.999362
79,80,0.0159244,0.00313956,-0.00362101,0.999875,0.0136287,-0.00796624,-0.013664,0.999897,-0.00438727,0.00790563,0.00449557,0.999959
80,81,0.016244,0.00228723,-0.00296666,0.999709,0.0214159,-0.0110834,-0.021478,0.999754,-0.00551011,0.0109627,0.00574656,0.999923
81,82,0.0173044,0.00133876,-0.00421645,0.999687,0.0231124,-0.00962381,-0.0231829,0.999705,-0.00728698,0.00945255,0.0075078,0.999927
82,83,0.0125292,0.00143581,-0.00515568,0.999824,0.01659,-0.0087087,-0.0166402,0.999845,-0.0057238,0.00861239,0.0058677,0.999946
83,84,0.0103095,0.00410404,-0.00484892,0.999733,0.0160574,-0.0165977,-0.0162147,0.999825,-0.00938149,0.0164441,0.00964811,0.999818
84,85,0.0160412,0.00956435,-0.004137,0.999465,0.0174185,-0.0276937,-0.0174567,0.999847,-0.00114035,0.0276696,0.00162318,0.999616
85,86,0.0164122,0.00575634,-0.000747992,0.999487,0.0135777,-0.0290208,-0.0132403,0.999843,0.0117892,0.0291763,-0.0113989,0.999509
86,87,0.0135781,0.00782736,-0.00219977,0.999654,0.0219133,-0.0145786,-0.0219415,0.999758,-0.00177325,0.0145362,0.00209251,0.999892
87,88,0.0262105,-0.00263656,-0.00832308,0.998747,0.0499531,-0.00309818,-0.0497997,0.998037,0.0379824,0.00498944,-0.0377805,0.999274
88,89,0.0202748,0.00433334,-0.00288951,0.999709,0.0228114,-0.00790884,-0.0227816,0.999733,0.00384734,0.00799449,-0.00366604,0.999961
89,90,0.0218733,0.00620247,-0.000986815,0.999589,0.0268074,-0.0101409,-0.0268551,0.999629,-0.00460612,0.0100137,0.00487657,0.999938
90,91,0.0228641,0.00868704,0.00196334,0.999529,0.0302403,-0.00517108,-0.030267,0.999529,-0.00515302,0.00501281,0.00530711,0.999973
91,92,0.0241589,0.00564345,0.00370281,0.999664,0.0256552,-0.00361354,-0.0256668,0.999665,-0.00321552,0.00352984,0.00330719,0.999988
92,93,0.0239905,0.0127867,0.00709976,0.999599,0.0281379,-0.00309343,-0.0281704,0.999542,-0.0110245,0.00278181,0.0111072,0.999934
93,94,0.0237069,0.00993801,0.00767589,0.99975,0.0223134,-0.00118983,-0.0223061,0.999734,0.00585946,0.00132026,-0.00583146,0.999982
94,95,0.0226519,0.00652493,0.00793492,0.999925,0.0118373,-0.0029848,-0.0118186,0.999911,0.00620748,0.00305802,-0.00617174,0.999976
95,96,0.0180248,0.0119506,0.00797086,0.99996,0.0089435,-7.48287e-07,-0.00894339,0.999948,0.00492122,4.47612e-05,-0.00492101,0.999988
96,97,0.0206371,0.00846194,0.00971997,0.999969,0.000999875,-0.0077806,-0.000857652,0.999833,0.018261,0.00779756,-0.0182538,0.999803
97,98,0.0205398,0.00463836,0.0108887,0.999921,-0.00373098,-0.0120245,0.0039258,0.999861,0.0162186,0.0119624,-0.0162646,0.999796
98,99,0.0188241,0.00857317,0.0114005,0.999932,3.20382e-05,-0.0116315,8.58955e-05,0.999949,0.0101385,0.0116312,-0.0101388,0.999881
99,100,0.0186357,0.00214952,0.0111116,0.999885,-0.000303799,-0.0151326,0.000530456,0.999888,0.0149763,0.0151263,-0.0149827,0.999773
100,101,0.0180425,0.00499978,0.0123386,0.999859,-0.000634542,-0.016798,0.000627227,1,-0.000440759,0.0167983,0.000430161,0.999859
101,102,0.0175691,0.0169205,0.0136076,0.999887,0.00429931,-0.0144387,-0.0043837,0.999973,-0.00581811,0.0144133,0.00588075,0.999879
102,103,0.0168442,0.00689639,0.0129088,0.999901,0.00145553,-0.0139733,-0.00128657,0.999926,0.0120931,0.0139899,-0.012074,0.999829
103,104,0.017717,0.00659455,0.0139854,0.999894,0.00384404,-0.0140333,-0.00371169,0.999949,0.00944437,0.0140689,-0.00939128,0.999857
104,105,0.00955407,0.0113273,0.0138009,0.999933,0.0050929,-0.0103713,-0.00502879,0.999968,0.00619822,0.0104025,-0.00614565,0.999927
105,106,0.00601891,0.0189861,0.0142542,0.999838,0.00217729,-0.0178567,-0.00201281,0.999955,0.0092243,0.017876,-0.00918687,0.999798
106,107,0.00807991,0.0196277,0.0197955,0.9996,0.00136552,-0.0282453,-0.000697434,0.99972,0.0236494,0.0282697,-0.0236202,0.999321
107,108,0.0109761,0.00424908,0.0222731,0.999279,0.00375353,-0.0377857,-0.00233163,0.99929,0.0376046,0.0379,-0.0374894,0.998578
108,109,0.00500384,0.00780205,0.020378,0.99909,0.0067152,-0.0421231,-0.00545627,0.999537,0.0299309,0.0423046,-0.0296739,0.998664
109,110,0.0101709,0.0141125,0.0205612,0.998587,0.00813171,-0.0525132,-0.00682391,0.999663,0.0250358,0.0526991,-0.0246421,0.998306
110,111,-0.00107965,-0.000734357,0.0132808,0.999993,-0.000541743,-0.00358882,0.000571179,0.999966,0.00820618,0.00358425,-0.00820818,0.99996
111,112,0.0207404,0.00394288,0.0197232,0.997877,0.0202251,-0.0619114,-0.0189524,0.999598,0.0210749,0.0623128,-0.0198568,0.997859
112,113,0.0178843,-0.0140531,0.0258395,0.998322,0.0238387,-0.0527769,-0.0225254,0.999425,0.0253404,0.0533507,-0.024109,0.998285
113,114,0.0234157,-0.0120828,0.0234211,0.998779,0.0225222,-0.0439787,-0.0223248,0.999738,0.0049745,0.0440793,-0.00398661,0.99902
114,115,0.0274194,0.00499078,0.0179455,0.99939,0.0174023,-0.0302787,-0.0178113,0.999753,-0.0132926,0.0300399,0.0138238,0.999453
115,116,0.0383604,-0.0134301,0.0203048,0.999755,0.0195165,0.0104326,-0.0197206,0.999609,0.0198308,-0.0100415,-0.0200316,0.999749
116,117,0.0316101,-0.0098186,0.00576852,0.999834,-1.02548e-05,0.0182028,4.01661e-05,0.999999,-0.00164286,-0.0182028,0.00164332,0.999833
117,118,0,0,0,1,0,0,0,1,0,0,0,1
118,119,0.0251533,-0.0147183,-0.00608864,0.999312,0.00404285,0.0368602,-0.00330315,0.999792,-0.0201065,-0.0369338,0.0199709,0.999118
119,120,0,0,0,1,0,0,0,1,0,0,0,1
120,121,0.0238115,-0.011454,-0.0107348,0.999268,0.00429224,0.0380241,-0.0039668,0.999955,-0.00862987,-0.0380594,0.00847271,0.99924
121,122,0,0,0,1,0,0,0,1,0,0,0,1
122,123,0.0134029,0.00668002,-0.0139139,0.999151,0.00661759,0.0406515,-0.00612133,0.999905,-0.0123199,-0.0407292,0.0120606,0.999097
123,124,-0.0537773,0.0400074,0.0457163,0.995908,-0.00592455,0.0901816,0.00878246,0.999471,-0.0313269,-0.0899482,0.0319907,0.995433
124,125,0.0136488,0.00244234,-0.0206854,0.999988,-0.000303452,0.00493756,0.000317441,0.999996,-0.0028326,-0.00493668,0.00283413,0.999984
125,126,0.037696,-0.0108396,-0.0347553,0.999601,0.00727795,-0.0273065,-0.00689785,0.999878,0.0139883,0.027405,-0.0137944,0.999529
126,127,0.0227652,0.00926819,-0.0171699,0.999756,0.0109265,-0.0192062,-0.0109311,0.99994,-0.000133767,0.0192036,0.000343679,0.999816
127,128,0.0252861,-0.0072912,-0.0132171,0.999829,0.00465663,-0.0178753,-0.00442428,0.999905,0.0130163,0.0179342,-0.012935,0.999755
128,129,0.0238478,0.00542186,-0.0158645,0.99989,0.0101206,-0.0108752,-0.0101583,0.999943,-0.00341674,0.01084,0.00352684,0.999935
129,130,0.019812,0.0024177,-0.0148998,0.999879,0.014438,-0.00584706,-0.0144142,0.999888,0.00409157,0.00590547,-0.00400679,0.999975
130,131,0.0182179,-0.00426458,-0.0135608,0.999916,0.0096739,-0.0085857,-0.00962779,0.999939,0.00539515,0.00863737,-0.00531204,0.999949
131,132,0.0204387,0.0033554,-0.0125003,0.999878,0.00703152,-0.0139161,-0.00707484,0.99997,-0.00306611,0.0138941,0.00316419,0.999898
132,133,0.0244537,0.00447815,-0.0103804,0.999846,0.00983964,-0.0145151,-0.00978482,0.999945,0.00384296,0.0145521,-0.00370034,0.999887
133,134,0.0249001,-0.00555493,-0.0093611,0.999958,0.000128153,-0.00914691,-5.80887e-05,0.999971,0.0076598,0.00914762,-0.00765895,0.999929
134,135,0.0193704,0.00489086,-0.0114763,0.999977,-0.00216989,-0.00636174,0.00215166,0.999994,-0.00286984,0.00636792,0.00285609,0.999976
135,136,0.0226929,-0.000124917,-0.00850176,0.999923,-0.00381746,-0.0118492,0.00391956,0.999955,0.00860552,0.0118159,-0.0086513,0.999893
136,137,0.0516515,-0.0166543,-0.014537,0.999841,-0.00240897,-0.0176837,0.00271342,0.999848,0.0172127,0.0176396,-0.0172579,0.999695
137,138,0.0201066,-0.00650524,-0.00794781,0.999988,0.00148155,-0.00456618,-0.0015679,0.999819,-0.0189643,0.00453726,0.0189712,0.99981
138,139,0.0157688,0.00114249,-0.0102139,0.999986,0.00188934,-0.00501275,-0.00199424,0.999777,-0.0210064,0.00497194,0.0210161,0.999767
139,140,0.0156556,-0.00911103,-0.00897364,0.999925,0.00458738,-0.0113323,-0.00474039,0.999897,-0.0135117,0.0112692,0.0135644,0.999844
140,141,0.0131572,-0.00392934,-0.0123339,0.999905,0.00555696,-0.0126462,-0.00580116,0.999796,-0.0193565,0.0125361,0.019428,0.999733
141,142,0.0439177,-0.00927851,-0.0170026,0.998757,0.0309597,-0.0390658,-0.0326042,0.998578,-0.0421869,0.0377041,0.0434082,0.998346
142,143,0.0133264,-0.0072346,-0.00926491,0.999674,0.0223012,-0.0124677,-0.0226441,0.999349,-0.0280753,0.0118335,0.0283485,0.999528
143,144,0.0144175,-0.00707501,-0.00815913,0.999489,0.0291302,-0.013181,-0.0295166,0.99911,-0.0301358,0.0122914,0.0305095,0.999459
144,145,0.0178354,-0.0058676,-0.011155,0.999245,0.036623,-0.0129502,-0.0369518,0.998975,-0.0261317,0.0119799,0.0265905,0.999575
145,146,0.0185463,-0.0084703,-0.0110336,0.99931,0.0351335,-0.0120095,-0.035406,0.999102,-0.0232894,0.0111805,0.0236985,0.999657
146,147,0.0173961,-0.00811703,-0.0113867,0.999156,0.0399013,-0.00978137,-0.0401337,0.998886,-0.0248368,0.00877945,0.0252084,0.999644
147,148,0.0198445,-0.00736659,-0.0105201,0.999276,0.0369216,-0.0091653,-0.0370879,0.999137,-0.0186918,0.00846726,0.0190182,0.999783
148,149,0.0216167,-0.00955706,-0.0120542,0.999366,0.0325031,-0.0145169,-0.0327753,0.999284,-0.0189211,0.0138915,0.0193849,0.999716
149,150,0.0218422,0.000228268,-0.00922111,0.999246,0.0355832,-0.015556,-0.0359981,0.99898,-0.0272622,0.0145701,0.0278016,0.999507
150,151,0.0173942,-0.00272422,-0.00937669,0.999531,0.0305183,-0.00248513,-0.0305759,0.999141,-0.0279617,0.00162965,0.0280246,0.999606
151,152,0.0157212,-0.00573925,-0.0141537,0.999685,0.0232954,0.00931324,-0.0230494,0.999404,-0.0257017,-0.00990642,0.025479,0.999626
152,153,0.0309482,-0.0732399,-0.0720325,0.999902,-0.0139242,0.00132276,0.0138846,0.999556,0.0263455,-0.00168902,-0.0263246,0.999652
153,154,0.0171369,-0.0183799,-0.0423409,0.999822,0.00695256,0.0175118,-0.00746713,0.999537,0.0294921,-0.0172987,-0.0296176,0.999412
154,155,0.0185983,-0.0363329,-0.011974,0.999956,0.00447163,0.00821947,-0.00502082,0.997669,0.0680572,-0.00789598,-0.0680955,0.997648
155,156,0.0147984,-0.00613687,-0.0154533,0.999954,-0.000872293,0.00953592,0.000507097,0.999269,0.0382325,-0.00956229,-0.0382259,0.999223
156,157,0.0204707,0.000104514,-0.00910203,0.999933,0.00919082,0.00702354,-0.00938306,0.999568,0.0278464,-0.00676458,-0.0279105,0.999588
157,158,0.0215631,0.00508733,-0.00493745,0.999993,0.0020363,0.003057,-0.00212236,0.999594,0.0284187,-0.00299789,-0.028425,0.999591
158,159,0.0238244,0.00186136,-0.00347407,0.999921,0.00512355,-0.0114391,-0.00497722,0.999906,0.0127843,0.0115035,-0.0127264,0.999853
159,160,0.0155612,-0.00332149,-0.0145216,0.999772,0.00994393,-0.0188844,-0.00968338,0.999857,0.0138389,0.0190193,-0.0136529,0.999726
160,161,0.0196283,0.00768558,-0.00955618,0.998502,0.025234,-0.0485536,-0.0251228,0.99968,0.00290013,0.0486112,-0.00167599,0.998816
161,162,0.0117621,0.00359075,-0.00744404,0.999634,0.0169998,-0.0210362,-0.017345,0.999716,-0.0163376,0.0207525,0.0166965,0.999645
162,163,0.00350942,-0.0123248,-0.0142354,0.999823,0.0169651,-0.00815199,-0.0169095,0.999834,0.0068387,0.00826665,-0.00669964,0.999943
163,164,0.00463462,-0.00405843,-0.0149475,0.99993,0.00787813,-0.00879697,-0.00773523,0.999839,0.0161622,0.00892288,-0.0160931,0.999831
164,165,0.0120511,0.00171191,-0.00960048,0.999636,0.0122946,-0.0240352,-0.0120371,0.999869,0.0108259,0.0241651,-0.0105327,0.999652
165,166,0.00829384,0.00406743,-0.00634619,0.99944,0.021778,-0.0254183,-0.0215583,0.999728,0.00888559,0.0256049,-0.00833264,0.999637
166,167,0.00903447,0.00758099,0.00119518,0.999418,0.0251906,-0.0230237,-0.0251777,0.999683,0.000849342,0.0230377,-0.000269165,0.999735
167,168,0.00508349,0.00422476,-0.0082646,0.999472,0.0310778,-0.00952882,-0.0310346,0.999507,0.0046536,0.00966875,-0.00435542,0.999944
168,169,0.00686505,0.00504061,-0.00863407,0.999465,0.032044,-0.00653324,-0.031956,0.999403,0.0131539,0.00695084,-0.0129381,0.999892
169,170,0.00352074,0.00187732,-0.0102002,0.999506,0.0306815,-0.00676702,-0.0305698,0.999404,0.0160373,0.00725504,-0.0158225,0.999848
170,171,0.00815631,0.00107703,-0.00832734,0.999419,0.0319074,-0.0119776,-0.0316479,0.999273,0.0212655,0.0126474,-0.0208741,0.999702
171,172,0.0146153,0.0139412,0.00577204,0.999086,0.0333663,-0.0267201,-0.0335059,0.999427,-0.00479127,0.0265449,0.00568217,0.999631
172,173,0.00226402,0.00497343,-0.0108457,0.999421,0.0290643,-0.0176968,-0.0291231,0.999571,-0.00307116,0.0176,0.00358477,0.999839
173,174,-0.00232236,0.00524559,-0.0091515,0.999604,0.0270395,-0.00772861,-0.0269064,0.999496,0.0168348,0.00817992,-0.0166202,0.999828
174,175,0.00969001,0.0132179,0.0143672,0.999688,0.0140683,-0.020647,-0.0138886,0.999865,0.00882352,0.0207684,-0.00853401,0.999748
175,176,0.00457388,0.00364357,0.00852171,0.999794,0.00749799,-0.018846,-0.00747798,0.999971,0.0011323,0.0188539,-0.000991132,0.999822
176,177,-0.00088494,0.00320607,-0.00694498,0.999809,0.0158738,-0.0113763,-0.0157556,0.999822,0.0104064,0.0115395,-0.0102252,0.999881
177,178,0.0028913,0.0061361,0.0163255,0.999916,0.00892108,-0.00939411,-0.00877806,0.999847,0.0151573,0.00952789,-0.0150735,0.999841
178,179,0.00374728,0.00107961,0.00835978,0.999935,0.0083204,-0.00783243,-0.00820106,0.999852,0.0151482,0.0079573,-0.015083,0.999855
179,180,0.00260944,0.00312757,0.0099514,0.999898,0.0114364,-0.00852008,-0.0112251,0.999638,0.0244406,0.00879651,-0.0243425,0.999665
180,181,0.00743931,0.0132183,0.0203511,0.999878,0.00974042,-0.0122044,-0.0095594,0.999845,0.0148043,0.0123467,-0.0146858,0.999816
181,182,0.00663105,0.0146506,0.0186396,0.999943,0.0106282,-0.00107897,-0.010617,0.999895,0.0099049,0.00118413,-0.00989288,0.99995
182,183,0.0064303,-0.00035406,0.0118143,0.999923,0.0104466,0.00666037,-0.0105665,0.999778,0.0182293,-0.00646846,-0.0182983,0.999812
183,184,0.00516617,0.0025717,0.012254,0.999878,0.0145619,0.00561445,-0.0146704,0.999696,0.0197965,-0.00532447,-0.0198764,0.999788
184,185,0.00408288,-0.00236463,0.0109141,0.999883,0.0151563,0.00228468,-0.0151878,0.99978,0.014499,-0.00206443,-0.014532,0.999892
185,186,0.00729776,0.0111946,0.0124855,0.999794,0.0202382,-0.0012694,-0.020227,0.999761,0.00825356,0.00143613,-0.00822619,0.999965
186,187,0.000803689,-0.00149483,0.0112678,0.999912,0.0132334,0.000294262,-0.0132367,0.999672,0.0219285,-3.97759e-06,-0.0219304,0.999759
187,188,0.00143612,-0.000822028,0.00870674,0.999807,0.0136522,-0.0141376,-0.0134442,0.999801,0.0147074,0.0143356,-0.0145145,0.999792
188,189,0.00985443,-0.00150105,0.0110597,0.999652,0.0150837,-0.0216353,-0.0148339,0.999822,0.0116592,0.0218073,-0.0113342,0.999698
189,190,0.00441511,-0.00759618,0.00686418,0.999805,0.0134061,-0.0145119,-0.0133077,0.999888,0.00685408,0.0146021,-0.00665962,0.999871
190,191,-0.00126215,0.00192065,0.00220674,0.999738,0.0115346,-0.0197676,-0.0115814,0.99993,-0.00225736,0.0197402,0.0024857,0.999802
191,192,0.00628056,0.00506058,0.00675488,0.999454,0.00776752,-0.0321074,-0.00771665,0.999969,0.00170781,0.0321196,-0.00145911,0.999483
192,193,0.0169398,-0.0113579,0.00852453,0.999374,0.00765497,-0.0345258,-0.00719771,0.999885,0.0133489,0.034624,-0.013092,0.999315
193,194,0.0209262,0.00525025,0.00553083,0.99954,0.0122719,-0.0277265,-0.0125149,0.999885,-0.00860834,0.0276176,0.00895138,0.999578
194,195,0.0327839,0.00672029,0.0177592,0.999874,0.0142155,-0.00704371,-0.0141937,0.999894,0.00313574,0.00708754,-0.00303537,0.99997
195,196,0.0266744,-0.0188209,0.00808721,0.999236,0.00440167,0.0388407,-0.00502433,0.99986,0.0159482,-0.0387651,-0.0161312,0.999118
196,197,0.00829891,0.00669256,-0.00263453,0.997849,-0.000340823,0.065547,0.000781225,0.999977,-0.00669337,-0.0655433,0.00673018,0.997827
197,198,0.0151116,-0.00847448,0.00305735,0.997625,-0.00592508,0.0686296,0.00524864,0.999936,0.0100326,-0.0686846,-0.00964853,0.997592
198,199,0.00908657,2.73757e-05,-0.0060866,0.997442,-0.00579642,0.0712487,0.00600281,0.999978,-0.0026829,-0.0712316,0.00310373,0.997455
199,200,0.00377139,0.00142227,-0.0115983,0.997365,-0.0189766,0.0700243,0.018267,0.999775,0.0107593,-0.0702127,-0.00945183,0.997487
200,201,0.0137881,-0.000360478,-0.00574704,0.998275,-0.0180912,0.0558579,0.0168509,0.999603,0.0225964,-0.0562445,-0.0216162,0.998183
201,202,0.00914569,-0.00579996,-0.00474562,0.998864,-0.0125649,0.0459725,0.0115876,0.999702,0.0214626,-0.0462285,-0.0209055,0.998712
202,203,-0.00340456,-0.00543611,-0.0199373,0.998843,-0.00721836,0.0475399,0.00560862,0.999409,0.0339077,-0.0477566,-0.0336018,0.998294
203,204,-0.0195825,-0.0144328,-0.0377245,0.998955,-0.0312238,0.0333808,0.0295749,0.998371,0.0487975,-0.03485,-0.0477593,0.998251
204,205,0.00616355,0.0027961,-0.00504972,0.999928,-0.00995297,0.00671734,0.00977432,0.999611,0.0261247,-0.00697475,-0.0260572,0.999636
205,206,0.00701258,0.00782094,-0.00855359,0.999864,-0.00767377,0.0145939,0.0072871,0.999626,0.0263666,-0.0147907,-0.0262567,0.999546
206,207,0.0195024,-0.0106233,0.0081975,0.99985,-0.0166269,0.00492222,0.0164659,0.99938,0.0311151,-0.00543652,-0.0310294,0.999504
207,208,0.0116993,0.00593029,-0.00464702,0.999932,-0.00414882,0.0109218,0.0041559,0.999991,-0.00062598,-0.0109191,0.000671327,0.99994
208,209,-0.00297805,0.0042369,-0.0107515,0.999836,-0.00126985,0.0180669,0.00117985,0.999987,0.00499133,-0.018073,-0.0049692,0.999824
209,210,8.91378e-05,0.00820546,-0.00959075,0.99997,-0.00542537,0.00548249,0.00537476,0.999943,0.00920524,-0.00553212,-0.0091755,0.999943
210,211,0.000956726,0.00560168,-0.00820737,0.999945,-0.00911367,0.00515424,0.00902958,0.999829,0.0161103,-0.00530019,-0.0160629,0.999857
211,212,0.000635941,0.00219204,-0.00622759,0.999955,-0.00904672,-0.00289206,0.00910005,0.999778,0.018991,0.00271961,-0.0190165,0.999815
212,213,0.00902034,0.0120144,-0.00357898,0.999987,-0.00278602,-0.00430829,0.00286014,0.999846,0.0172939,0.00425945,-0.017306,0.999841
213,214,0.00866398,0.000869178,0.00170825,0.999932,-0.00767012,0.00881491,0.00740134,0.999519,0.03013,-0.00904176,-0.0300627,0.999507
214,215,0.00852673,-0.00985956,0.00289241,0.999964,-0.00530926,0.00669076,0.00520159,0.999858,0.0160078,-0.0067748,-0.0159724,0.999849
215,216,0.000351711,0.00826777,-0.0108554,0.99987,0.00419951,0.0155835,-0.00419408,0.999991,-0.000380946,-0.015585,0.000315538,0.999878
216,217,7.25127e-05,0.00411042,-0.00511449,0.999785,0.000483812,0.0207201,-0.000742219,0.999922,0.0124654,-0.0207124,-0.0124782,0.999708
217,218,0.00855924,-0.00404557,0.00155245,0.999882,-0.00408311,0.0148099,0.00392925,0.999938,0.0104032,-0.0148514,-0.0103438,0.999836
218,219,0.00523425,-0.00326589,-0.00143547,0.999805,-0.00200511,0.0196341,0.00203616,0.999997,-0.00156138,-0.0196309,0.00160106,0.999806
219,220,-0.00886204,-0.0013787,-0.00519161,0.99973,0.000391053,0.023238,-0.00025511,0.999983,-0.0058527,-0.0232399,0.00584519,0.999713
220,221,-0.00617609,0.00125866,-0.00966152,0.999887,0.00215946,0.0148827,-0.00213303,0.999996,-0.00179126,-0.0148865,0.00175931,0.999888
221,222,-0.00344773,-0.00127839,-0.00330866,0.999912,-0.00357704,0.0127804,0.00353481,0.999988,0.00332552,-0.0127922,-0.00328005,0.999913
222,223,-0.00537085,-0.00542305,-0.00431673,0.999896,-0.0106288,0.00974308,0.0106328,0.999943,-0.000355725,-0.00973875,0.000459285,0.999952
223,224,0.00363643,0.00190003,-0.00367976,0.999967,-0.00316179,0.00754896,0.00315922,0.999995,0.000353089,-0.00755004,-0.000329229,0.999971
224,225,-0.00160784,-0.00062244,-0.00421338,0.999896,-0.00162065,0.0143038,0.00157894,0.999994,0.00292719,-0.0143084,-0.0029043,0.999893
225,226,-0.0024345,0.00837965,-0.00439595,0.999801,-0.00743757,0.0185204,0.00736372,0.999965,0.00405244,-0.0185499,-0.00391525,0.99982
226,227,-0.0193077,-0.0164827,-0.000540451,0.99957,-0.0175477,0.0234717,0.0171465,0.999705,0.0171895,-0.0237664,-0.0167797,0.999577
227,228,-0.0210387,0.00243303,0.00252518,0.999918,-0.0128148,-2.53214e-05,0.0128148,0.999915,0.00226694,-3.73106e-06,-0.00226708,0.999997
228,229,0.013611,0.0114673,0.00292264,0.999636,-0.0134726,-0.0233825,0.0137573,0.999833,0.0120579,0.0232161,-0.0123752,0.999654
229,230,0.01514,-0.00216622,0.00470873,0.999859,-0.0148861,-0.00780152,0.0150401,0.999685,0.020072,0.00750027,-0.0201865,0.999768
230,231,0.0143678,0.000198323,0.0109208,0.999896,-0.0104264,0.0099598,0.0103424,0.999911,0.00844388,-0.0100469,-0.00833999,0.999915
231,232,-0.00703835,-0.0100788,0.00694912,0.999795,-0.00167398,0.0201809,0.00169088,0.999998,-0.000820629,-0.0201795,0.000854584,0.999796
232,233,-0.00220201,0.00262248,-0.000233407,0.99994,0.00933605,0.00567965,-0.00931549,0.99995,-0.00363473,-0.0057133,0.00358161,0.999977
233,234,0.00756541,-0.00578179,0.0052552,0.999947,0.00723407,0.00726273,-0.00724074,0.999973,0.000892497,-0.00725608,-0.000945037,0.999973
234,235,0.00730588,0.00175432,0.00012342,0.999839,0.00526749,0.0171802,-0.00507427,0.999924,-0.0112706,-0.0172383,0.0111816,0.999789
235,236,0.00275355,-0.00594722,0.00488163,0.99964,0.00191495,0.0267801,-0.00166892,0.999956,-0.00920633,-0.0267965,0.00915832,0.999599
236,237,0.00104658,0.0048958,0.000668849,0.99968,0.00352224,0.0250352,-0.0030893,0.999845,-0.0173108,-0.0250923,0.0172279,0.999537
237,238,-0.00135653,0.000510267,0.000364108,0.999649,0.00212189,0.026395,-0.00188795,0.999959,-0.00888471,-0.0264128,0.00883177,0.999612
238,239,-0.00796081,-0.00274658,0.00139741,0.999711,-0.00361469,0.0237631,0.00377873,0.999969,-0.00686171,-0.0237375,0.00694952,0.999694
239,240,0.00899215,0.000814629,0.000735832,0.999902,-0.00315554,0.0136586,0.00325233,0.99997,-0.0070695,-0.0136359,0.00711323,0.999882
240,241,-0.00290033,-0.00298273,0.000153924,0.999623,-0.00678081,0.0266186,0.00693493,0.99996,-0.00570177,-0.0265789,0.00588421,0.999629
241,242,-0.000869196,0.00213538,-0.000472902,0.999763,-0.008379,0.0200888,0.00850703,0.999944,-0.00629634,-0.0200349,0.00646574,0.999778
242,243,0.00515379,0.00734735,0.000204635,0.999765,-0.0105927,0.0189015,0.0106364,0.999941,-0.00221518,-0.0188769,0.0024157,0.999819
243,244,0.00156799,0.00545581,-0.000664627,0.999651,-0.0151826,0.0216274,0.0150998,0.999878,0.00398516,-0.0216853,-0.0036572,0.999758
244,245,0.001126,-0.00123954,0.0017889,0.999628,-0.0172492,0.0211049,0.017026,0.999798,0.0107103,-0.0212854,-0.010347,0.99972
245,246,-0.00472117,0.00697851,0.000163172,0.999718,-0.014867,0.0185111,0.0147032,0.999852,0.00895009,-0.0186414,-0.00867539,0.999789
246,247,-0.0188552,-0.0275653,0.0078886,0.999732,-0.0162597,0.0164556,0.0159126,0.999653,0.0210117,-0.0167915,-0.0207443,0.999644
247,248,-0.00283115,-0.00802277,0.00239557,0.999924,-0.0122959,0.00128574,0.0123005,0.999918,-0.00367557,-0.00124044,0.00369111,0.999992
248,249,0.00139496,0.00432867,-0.000152416,0.999973,-0.00680455,-0.00282013,0.00679651,0.999973,-0.00285249,0.00283947,0.00283324,0.999992
249,250,-0.00244841,-0.0231803,0.00828385,0.999978,-0.0061197,0.00251554,0.006109,0.999972,0.00424023,-0.00254142,-0.00422477,0.999988
250,251,-0.00248377,-0.00602248,0.00267719,0.999999,-0.000181124,-0.00161261,0.000156167,0.99988,-0.0154631,0.00161522,0.0154628,0.999879
251,252,-0.00283275,-0.000573841,-3.10917e-05,0.999992,0.00215971,-0.00325742,-0.00220973,0.999878,-0.0154316,0.00322369,0.0154386,0.999876
252,253,-0.00876623,-0.013807,0.000796568,0.999993,-0.00272751,-0.00237034,0.00270242,0.999941,-0.010525,0.0023989,0.0105186,0.999942
253,254,-0.00210565,0.00506637,-0.000539479,0.999912,0.00575447,-0.0119407,-0.00601304,0.999746,-0.0217328,0.0118126,0.0218027,0.999693
254,255,-0.000710939,-0.00206373,0.00284841,0.999892,0.0115162,-0.0090946,-0.0115944,0.999896,-0.00859002,0.00899473,0.00869454,0.999922
255,256,-0.00746414,-0.00381213,0.0013607,0.999947,0.00886151,-0.00527809,-0.00893716,0.999855,-0.0144862,0.00514895,0.0145326,0.999881
256,257,-0.0116461,-0.000794793,0.00142483,0.999937,0.00774297,-0.00807062,-0.00781865,0.999925,-0.00938905,0.00799732,0.00945156,0.999923
257,258,-0.0104081,-0.00812881,0.000492442,0.999798,0.00804384,-0.0184295,-0.00820167,0.99993,-0.00850453,0.0183598,0.00865396,0.999794
258,259,-0.0018156,-0.00175301,0.00548153,0.999663,0.00523736,-0.025441,-0.00572359,0.999802,-0.0190769,0.025336,0.0192161,0.999494
259,260,-0.00333561,-0.00258891,0.00229706,0.999692,0.00681719,-0.023853,-0.0074248,0.999648,-0.0254778,0.023671,0.0256471,0.999391
260,261,-0.00882675,-0.00189365,-0.000335345,0.999668,0.0109711,-0.0232924,-0.011538,0.999637,-0.0243444,0.0230169,0.0246051,0.999432
261,262,-0.00611175,-0.00739498,0.00423632,0.999618,0.0106369,-0.0255245,-0.0111879,0.999705,-0.0215419,0.0252878,0.0218192,0.999442
262,263,-0.014506,-0.00478555,0.000126465,0.999644,0.0131836,-0.0232082,-0.0138178,0.999529,-0.0273846,0.0228363,0.0276955,0.999356
263,264,-0.00932476,-0.00186538,-0.00256553,0.999344,0.0166972,-0.0321229,-0.0174485,0.999577,-0.023252,0.0317211,0.0237972,0.999213
264,265,-0.00865594,-0.00389444,0.00148044,0.999269,0.0173558,-0.0340611,-0.0180771,0.999616,-0.0209849,0.0336838,0.0215853,0.999199
265,266,0.0684515,-0.00545101,0.0438202,0.997771,-0.019731,-0.0637473,0.0191697,0.999772,-0.00940462,0.0639184,0.00816164,0.997922
266,267,-0.008557,-0.00303608,0.000390304,0.998921,0.022575,-0.0405774,-0.0234577,0.999496,-0.0214111,0.0400736,0.0223399,0.998947
267,268,-0.00926708,-0.00139766,-0.00024616,0.998788,0.0272306,-0.0410052,-0.0280379,0.999422,-0.0192426,0.0404575,0.020369,0.998974
268,269,-0.00453884,-0.000636025,0.00120999,0.998707,0.0256118,-0.0439211,-0.0262465,0.999558,-0.0139355,0.0435448,0.0150702,0.998938
269,270,-0.00641444,-0.00365091,0.00443617,0.998846,0.0265046,-0.040055,-0.0269717,0.999574,-0.0111668,0.0397419,0.0122343,0.999135
270,271,-0.00720306,-0.000741349,-0.000784321,0.998799,0.0290773,-0.0394352,-0.0296307,0.999469,-0.0135212,0.0390211,0.0146734,0.999131
271,272,-0.00355855,-0.000129599,0.00100483,0.998814,0.0269036,-0.0405797,-0.0271891,0.999609,-0.00650143,0.0403889,0.00759704,0.999155
272,273,-0.00706483,-0.00520134,0.00415756,0.998939,0.0265839,-0.0376077,-0.0268361,0.999621,-0.00621726,0.0374282,0.00721991,0.999273
273,274,-0.00544147,-0.000112974,0.00519553,0.999327,0.0202987,-0.0305578,-0.020696,0.999705,-0.0127424,0.0302902,0.0133662,0.999452
274,275,-0.0034158,0.000631735,0.00317456,0.999539,0.0195383,-0.0232347,-0.01979,0.999747,-0.0106497,0.0230208,0.0111046,0.999673
275,276,-0.000961516,-0.00442996,0.00680596,0.999756,0.0162871,-0.0148982,-0.0163886,0.999843,-0.00672115,0.0147863,0.00696367,0.999866
276,277,-0.00664357,-0.00439227,0.000844034,0.999912,0.0131267,-0.00191035,-0.0131465,0.999856,-0.010766,0.00176875,0.0107902,0.99994
277,278,-0.00976026,-0.00103487,-2.59676e-05,0.999846,0.0172911,-0.00303307,-0.0173152,0.999817,-0.00811877,0.00289213,0.00817003,0.999962
278,279,-0.00236535,-0.00958194,0.00478828,0.999857,0.0149035,-0.00804681,-0.014929,0.999884,-0.00310715,0.00799956,0.00322684,0.999963
279,280,-0.00448729,-0.00341972,0.0027128,0.999949,0.00979104,0.0023417,-0.00975356,0.999832,-0.0155174,-0.00249324,0.0154938,0.999877
280,281,-0.00916794,-0.00482117,-0.00113579,0.999984,0.00165212,0.00548768,-0.00160723,0.999965,-0.0081745,-0.00550099,0.00816554,0.999952
281,282,-0.0137194,-0.00398204,-0.00285898,0.999996,-0.00152163,-0.00241209,0.00151051,0.999988,-0.00460498,0.00241906,0.00460132,0.999986
282,283,-0.00539445,-0.00167095,0.00560162,0.999944,-0.00451732,-0.00960851,0.00450483,0.999989,-0.0013206,0.00961437,0.00127724,0.999953
283,284,-0.00378791,-0.00888364,0.00591875,0.999893,-0.0146567,-0.000297807,0.0146576,0.999887,0.0032175,0.000250615,-0.00322152,0.999995
284,285,-0.0105932,-0.00810392,0.000902382,0.999925,-0.0113753,0.00456006,0.0113893,0.99993,-0.00306569,-0.00452487,0.00311739,0.999985
285,286,-0.0104994,-0.00306573,0.00322687,0.99995,-0.00960352,0.00290534,0.009618,0.999941,-0.0050105,-0.00285705,0.00503819,0.999983
286,287,-0.0141672,-0.00314987,0.0023527,0.999778,-0.020735,0.00363046,0.0207242,0.999781,0.00300596,-0.003692,-0.00293006,0.999989
287,288,-0.0142198,-0.00544745,0.00246348,0.999816,-0.017996,-0.006622,0.0180502,0.999803,0.00822018,0.00647276,-0.00833819,0.999944
288,289,-0.00952314,-0.00303342,0.00901987,0.999927,-0.00884418,-0.00824356,0.00890487,0.999933,0.00735555,0.00817796,-0.00742842,0.999939
289,290,-0.0146672,-0.00511768,0.00625906,0.999881,-0.0153792,0.00105095,0.0153692,0.999842,0.00896369,-0.00118864,-0.00894647,0.999959
290,291,-0.0170439,-0.00438343,0.00615083,0.999926,-0.0118032,-0.00306484,0.011819,0.999917,0.00519945,0.00300321,-0.00523529,0.999982
291,292,-0.0131663,-0.00287416,0.00891953,0.99995,-0.0098118,-0.00178445,0.00981534,0.99995,0.00198851,0.00176485,-0.00200592,0.999996
292,293,-0.02333,-0.000601929,0.00344917,0.999879,-0.0143671,0.00598709,0.0143649,0.999897,0.000411611,-0.00599239,-0.000325557,0.999982
293,294,-0.0203026,0.000809344,0.00626862,0.999891,-0.0144567,-0.00307687,0.0144686,0.999888,0.0038928,0.00302025,-0.00393689,0.999988
294,295,-0.0167449,-0.00212565,0.0088329,0.999831,-0.0183457,-0.00143249,0.0183561,0.999803,0.00754931,0.00129371,-0.00757433,0.99997
295,296,-0.0193433,0.00186702,0.00820333,0.999827,-0.0177876,0.0054075,0.0177809,0.999841,0.00128561,-0.00542951,-0.00118924,0.999985
296,297,-0.0190108,0.00184298,0.00929933,0.999799,-0.0181563,0.00847485,0.0181235,0.999828,0.00392437,-0.00854465,-0.00376999,0.999956
297,298,-0.0227079,-0.000390749,0.00726834,0.999761,-0.0186361,0.0114389,0.0186099,0.999824,0.00238875,-0.0114814,-0.00217531,0.999932
298,299,-0.0199585,0.00448187,0.00945323,0.999792,-0.0184156,0.00880348,0.018429,0.999829,-0.0014401,-0.00877546,0.00160204,0.99996
299,300,-0.0175831,0.00201099,0.0111696,0.999711,-0.0211783,0.0113618,0.0211543,0.999774,0.00222949,-0.0114065,-0.0019885,0.999933
300,301,-0.0191241,0.00531827,0.0102467,0.999618,-0.0225911,0.0159092,0.0225708,0.999744,0.00145267,-0.0159379,-0.00109303,0.999872
301,302,-0.0157018,-0.00285357,0.0103864,0.999629,-0.0221692,0.0158064,0.0220906,0.999743,0.00513086,-0.015916,-0.00477978,0.999862
302,303,-0.0157535,0.00172211,0.0101019,0.999571,-0.0204672,0.0209731,0.0205251,0.999786,-0.00255157,-0.0209164,0.00298095,0.999777
303,304,-0.0193166,0.00450827,0.00860011,0.999343,-0.0251016,0.0261264,0.0251762,0.99968,-0.00253255,-0.0260545,0.00318865,0.999655
304,305,-0.0210531,-0.00334673,0.00764322,0.999386,-0.0267679,0.0225866,0.0266951,0.999637,0.00351815,-0.0226726,-0.00291304,0.999739
