frame1, frame2, tx, ty, tz, r11, r12, r13, r21, r22, r23, r31, r32, r33
0,1,0.00466522,-0.000702155,0.000155098,0.999988,0.00135592,-0.00462855,-0.00133514,0.999989,0.0044903,0.00463459,-0.00448406,0.999979
1,2,0.00385669,-0.00606497,0.00501795,0.999995,0.00311039,-0.000327734,-0.00310958,0.999992,0.00244451,0.000335335,-0.00244348,0.999997
2,3,-0.00406366,0.000680185,-0.0035915,0.999986,-0.00387834,0.00357687,0.00389612,0.99998,-0.00497485,-0.00355751,0.00498872,0.999981
3,4,0.000696893,0.00452391,-0.00251752,0.999995,0.000279245,-0.00299471,-0.000275006,0.999999,0.00141578,0.0029951,-0.00141495,0.999995
4,5,0.00587327,-0.00856471,0.0063071,0.999991,0.00227081,-0.00367412,-0.00223918,0.999961,0.00858973,0.00369348,-0.00858142,0.999956
5,6,-0.00414429,0.00035064,0.000551461,0.99999,-0.00216713,0.00401239,0.00219561,0.999972,-0.00710766,-0.00399688,0.0071164,0.999967
6,7,-0.00514555,0.00968375,-0.00617342,0.999994,-0.00285914,0.00177314,0.00287302,0.999965,-0.00787408,-0.00175057,0.00787913,0.999967
7,8,0.000884014,0.000587184,5.21207e-05,0.999999,0.000791892,-0.00136393,-0.000786195,0.999991,0.00417212,0.00136722,-0.00417104,0.99999
8,9,0.00293251,-0.00917773,0.00378433,0.999999,-1.24943e-05,-0.00133885,1.79961e-05,0.999992,0.00410936,0.00133879,-0.00410938,0.999991
9,10,-0.00155812,0.00144886,-0.000527718,0.999996,-0.00273799,-0.000152704,0.00273665,0.999962,-0.00821841,0.0001752,0.00821796,0.999966
10,11,-0.0012409,0.00466149,-0.00404713,0.999998,0.00162496,-0.00111628,-0.00162876,0.999993,-0.00341345,0.00111073,0.00341526,0.999994
11,12,0.00187991,-0.00350057,0.0017991,0.999994,0.00313746,-0.0015443,-0.00313079,0.999986,0.00430012,0.00155777,-0.00429526,0.99999
12,13,-0.00204409,-0.00265853,0.000686238,0.999997,-0.0018769,0.00165666,0.00187835,0.999998,-0.000879806,-0.001655,0.000882915,0.999998
13,14,-0.00113477,0.00602389,-0.00257731,1,-0.000556809,0.000189099,0.0005578,0.999986,-0.0052837,-0.000186154,0.00528381,0.999986
14,15,0.000758392,-0.000649628,-0.000187967,1,5.86804e-05,5.12741e-05,-5.88451e-05,0.999995,0.00321866,-5.10849e-05,-0.00321867,0.999995
15,16,-0.000271488,-0.0021488,0.00050429,1,2.02297e-05,-0.000485967,-1.97058e-05,0.999999,0.00107807,0.000485989,-0.00107806,0.999999
16,17,-0.00152106,0.00533871,-0.00240037,1,0.000151845,-0.000773814,-0.000155538,0.999989,-0.00477497,0.00077308,0.00477509,0.999988
17,18,0.00124449,-0.00136307,-0.000398982,0.999996,0.00225597,-0.0014467,-0.00225226,0.999994,0.00256043,0.00145246,-0.00255716,0.999996
18,19,-0.00220868,0.000140839,0.00178313,0.999999,0.000876405,0.00122892,-0.000875331,0.999999,-0.000874193,-0.00122968,0.000873117,0.999999
19,20,-0.000949677,0.000844708,-0.000611191,1,-0.000489707,-8.06159e-05,0.000489572,0.999998,-0.00167002,8.14336e-05,0.00166998,0.999999
20,21,0.00304155,-0.00102263,0.00028082,0.999997,2.49659e-05,-0.00239078,-2.13874e-05,0.999999,0.00149679,0.00239081,-0.00149674,0.999996
21,22,-0.000139802,-0.00314985,0.00083051,1,0.000394206,0.000883312,-0.000394346,1,0.000158146,-0.000883249,-0.000158495,1
22,23,-0.00383078,0.000542599,-0.000979381,0.999999,-0.00034905,0.00118962,0.000353034,0.999994,-0.00335097,-0.00118844,0.00335139,0.999994
23,24,-0.00068714,0.00273135,-0.000566574,1,-0.000136409,-0.000552137,0.000134904,0.999996,-0.00272481,0.000552507,0.00272473,0.999996
24,25,0.00126964,-0.000715883,0.000622483,0.999999,-0.000161479,0.00149962,0.000159194,0.999999,0.001524,-0.00149986,-0.00152375,0.999998
25,26,-0.002114,-0.00179387,0.000395101,0.99999,-0.00267706,0.00353795,0.0026761,0.999996,0.000277423,-0.00353868,-0.000267952,0.999994
26,27,0.00245923,0.000393371,-0.00145196,0.999995,-0.00150533,-0.00291661,0.00150579,0.999999,0.000157253,0.00291637,-0.000161644,0.999996
27,28,0.00247856,-0.00199797,0.000933087,0.999994,0.00272127,-0.0022718,-0.00271617,0.999994,0.00224611,0.0022779,-0.00223993,0.999995
28,29,-0.000214507,-0.0018894,-2.77223e-05,0.999999,0.00046758,0.000890811,-0.000466673,0.999999,-0.00101834,-0.000891286,0.00101792,0.999999
29,30,-0.00102211,0.00243167,-0.00291826,1,-0.000663395,-0.000623105,0.000661739,0.999996,-0.00265428,0.000624864,0.00265387,0.999996
30,31,0.000603902,0.000125787,-0.000270444,1,-0.00016022,0.000279636,0.000159958,1,0.000937605,-0.000279786,-0.000937561,1
31,32,0.000554046,-0.00451426,0.00159099,0.999998,-0.00196341,-0.00075356,0.00196631,0.999991,0.00387305,0.000745948,-0.00387452,0.999992
32,33,0.00271189,-0.000448395,0.000813719,0.999994,0.000340363,-0.00340374,-0.000342893,1,-0.000742651,0.00340349,0.000743813,0.999994
33,34,-0.00054458,0.00171006,0.000958197,0.999997,0.00199316,0.00158019,-0.00198767,0.999992,-0.0034678,-0.00158709,0.00346465,0.999993
34,35,-0.00295043,0.00079022,-0.0008703,0.999992,-0.00287904,0.00262696,0.00288355,0.999994,-0.00171468,-0.002622,0.00172224,0.999995
35,36,0.00421612,-0.000424081,0.00237185,0.999992,0.00121482,-0.00375736,-0.00121706,0.999999,-0.000593234,0.00375664,0.000597802,0.999993
36,37,-0.00335285,0.00284626,-0.00028033,0.999996,-0.000466223,0.00288986,0.000479376,0.99999,-0.00455233,-0.0028877,0.00455369,0.999985
37,38,-0.00206946,0.00430048,-0.00184297,0.999999,0.0001022,-0.00115305,-0.000104405,0.999998,-0.00191201,0.00115285,0.00191213,0.999998
38,39,0.00519135,-0.00382484,0.0034841,0.999988,0.0022749,-0.00435311,-0.00225943,0.999991,0.0035546,0.00436116,-0.00354472,0.999984
39,40,-0.00291968,-0.000228185,0.000866157,0.999993,0.00100483,0.00349099,-0.000991618,0.999992,-0.00378473,-0.00349477,0.00378124,0.999987
40,41,-0.00660434,0.00528862,-0.00525554,0.999995,-0.00204595,0.00251745,0.00205259,0.999994,-0.0026383,-0.00251204,0.00264346,0.999993
41,42,0.00495526,-0.00446253,0.00194371,0.999983,-8.4144e-05,-0.00578835,0.000128549,0.999971,0.00767143,0.00578753,-0.00767205,0.999954
42,43,0.00337399,-0.00547946,0.00382798,0.999996,0.00213016,-0.00157104,-0.00212683,0.999995,0.0021176,0.00157555,-0.00211425,0.999997
43,44,-0.00329494,0.00401105,-0.00250078,0.999998,-0.000576533,0.00180822,0.000589783,0.999973,-0.00733558,-0.00180394,0.00733663,0.999971
44,45,-0.00164479,0.00588703,-0.00415114,1,0.000249903,-0.00062562,-0.000250869,0.999999,-0.00154468,0.000625233,0.00154484,0.999999
45,46,0.00147857,-0.00623716,0.00344257,0.999998,0.00180445,-0.000792654,-0.00179697,0.999955,0.00933056,0.000809455,-0.00932911,0.999956
46,47,-0.000291016,-0.00660859,0.00304354,0.999998,-0.00181655,0.00019353,0.00181608,0.999995,0.00239307,-0.000197876,-0.00239271,0.999997
47,48,-0.00248864,0.00749394,-0.00368881,1,0.000774111,-0.00034929,-0.000776477,0.999976,-0.00682563,0.000343998,0.0068259,0.999977
48,49,0.00122049,-0.0037147,1.9611e-06,0.999996,0.00222304,-0.00159923,-0.00221551,0.999987,0.00469337,0.00160965,-0.00468981,0.999988
49,50,2.29367e-05,-0.00614751,0.00161877,0.999999,-0.0012479,-0.000551333,0.00124974,0.999994,0.00336152,0.000547134,-0.00336221,0.999994
50,51,-0.000304693,0.00115849,-0.00125718,0.999999,-0.000814058,-0.000605783,0.000812982,0.999998,-0.00177556,0.000607227,0.00177506,0.999998
51,52,-0.000274512,-7.35579e-05,9.74124e-05,1,0.000221822,-0.000799261,-0.000219727,0.999997,0.00262005,0.000799839,-0.00261987,0.999996
52,53,0.00306695,-0.00354866,0.00225216,0.999985,0.00253505,-0.00485229,-0.00252214,0.999993,0.00266411,0.00485902,-0.00265184,0.999985
53,54,0.00383316,-0.00240152,0.0014729,0.999989,0.00250152,-0.00393557,-0.0025052,0.999996,-0.000930801,0.00393322,0.00094065,0.999992
54,55,-0.00268192,0.00304428,-0.00282238,0.999995,-0.00167452,0.00258913,0.00168346,0.999993,-0.00345341,-0.00258333,0.00345776,0.999991
55,56,-0.000594002,-0.00145402,0.000131971,1,0.000145192,-0.000465673,-0.000143536,0.999994,0.0035532,0.000466186,-0.00355313,0.999994
56,57,0.00368099,-0.00410497,0.00359115,0.999992,0.00162639,-0.00374709,-0.00161862,0.999997,0.00207576,0.00375046,-0.00206968,0.999991
57,58,5.91872e-05,-0.00177793,0.000110499,0.999996,0.00285009,0.000216655,-0.00284923,0.999988,-0.00388757,-0.000227732,0.00388693,0.999992
58,59,-0.00162674,0.00197334,-0.00159085,1,-0.000214203,0.000633935,0.00021677,0.999992,-0.00405165,-0.000633062,0.00405179,0.999992
59,60,0.000605422,-0.000266902,-0.00117815,0.999992,-0.00176382,-0.0035586,0.00177117,0.999996,0.002064,0.00355494,-0.00207029,0.999992
60,61,0.00924104,-0.00529388,0.00540192,0.999964,0.00227327,-0.00819839,-0.00223745,0.999988,0.00437568,0.00820824,-0.00435718,0.999957
61,62,-0.00375047,-0.00074402,0.00149331,0.999992,0.00121427,0.00385339,-0.00118767,0.999975,-0.00689913,-0.00386167,0.0068945,0.999969
62,63,-0.00598092,0.00480082,-0.00610639,0.999978,-0.00669681,2.33957e-05,0.00669684,0.999962,-0.00565695,1.44887e-05,0.00565698,0.999984
63,64,0.00614911,0.00296618,-0.000623571,0.999964,-0.00405092,-0.00750624,0.00407014,0.999988,0.00254667,0.00749583,-0.00257713,0.999969
64,65,0.00630928,-0.00830832,0.00474302,0.999989,0.000500709,-0.00457222,-0.000464325,0.999968,0.00795516,0.00457606,-0.00795295,0.999958
65,66,-0.00328141,0.00195635,0.00110198,0.999999,-0.00108485,-0.00080086,0.00108033,0.999984,-0.00562799,0.000806952,0.00562712,0.999984
66,67,0.00349146,0.00919197,-0.00431549,0.999963,0.000233507,-0.00857573,-0.000277648,0.999987,-0.00514636,0.00857441,0.00514855,0.99995
67,68,0.00903188,-0.00324069,0.00102567,0.99996,0.00589936,-0.00668697,-0.00583309,0.999934,0.00988791,0.00674486,-0.00984851,0.999929
68,69,0.00166803,-0.00605907,0.0028803,0.999999,-0.000974394,-0.000452279,0.000977449,0.999976,0.00680507,0.000445638,-0.00680551,0.999977
69,70,0.00816024,0.00527988,-0.00113795,0.999952,0.000465397,-0.00981897,-0.000486131,0.999998,-0.00210941,0.00981797,0.00211408,0.99995
70,71,0.0107186,-0.00120352,0.00141875,0.999979,0.00453415,-0.00465125,-0.00450701,0.999973,0.00582861,0.00467755,-0.00580752,0.999972
71,72,0.00125065,-0.00549,0.00390436,0.999991,-0.00388958,0.00138613,0.00388079,0.999973,0.00628845,-0.00141055,-0.00628301,0.999979
72,73,0.00905519,0.000110208,0.00234655,0.999964,-0.00284724,-0.00803334,0.00284477,0.999996,-0.000318232,0.00803422,0.000295367,0.999968
73,74,0.0102743,-8.31519e-05,0.00207833,0.999974,0.00495326,-0.00528269,-0.00495081,0.999988,0.000475641,0.00528498,-0.000449475,0.999986
74,75,0.00415206,-0.0024418,0.00186579,1,0.000378522,8.6007e-05,-0.000378723,0.999997,0.00233989,-8.5121e-05,-0.00233992,0.999997
75,76,0.00847581,-0.000446568,0.0019429,0.999983,-0.00155111,-0.00567523,0.00156207,0.999997,0.00192774,0.00567223,-0.00193657,0.999982
76,77,0.0133727,-0.0032011,0.00613937,0.999984,0.00144695,-0.0054792,-0.00143284,0.999996,0.00257819,0.00548291,-0.0025703,0.999982
77,78,0.00601947,-0.0018634,0.00291623,1,0.000379434,-0.000263312,-0.000379571,1,-0.000521429,0.000263114,0.000521529,1
78,79,0.00769025,-0.000837605,0.000579607,0.999989,-0.000702824,-0.00459637,0.000701227,1,-0.000349177,0.00459661,0.00034595,0.999989
79,80,0.0112237,0.00106161,0.00300682,0.999996,0.000794856,-0.00281108,-0.000799344,0.999998,-0.0015958,0.0028098,0.00159804,0.999995
80,81,0.00661896,-0.001229,0.0022664,0.999997,-0.00184115,0.00168938,0.00183948,0.999998,0.000988945,-0.0016912,-0.000985835,0.999998
81,82,0.0120818,-0.00126027,0.00201787,0.999982,0.000529884,-0.00596731,-0.000521543,0.999999,0.00139926,0.00596805,-0.00139613,0.999981
82,83,0.0103802,0.000224587,0.00111496,0.999979,0.0060859,-0.00214208,-0.00608655,0.999981,-0.000297913,0.00214023,0.000310944,0.999998
83,84,0.00599304,-0.000771498,-0.000208723,0.999997,0.00178154,0.00158234,-0.00178404,0.999997,0.00158004,-0.00157952,-0.00158286,0.999997
84,85,0.0102886,0.00077472,-0.000505664,0.99999,0.00148703,-0.00432994,-0.00147746,0.999996,0.00221219,0.00433321,-0.00220577,0.999988
85,86,0.0116216,-0.00267364,0.00440129,0.999985,0.0047038,-0.002779,-0.00469675,0.999986,0.0025407,0.00279091,-0.00252761,0.999993
86,87,0.00505765,0.00104929,-0.000747797,0.999999,-5.85022e-05,0.00166639,6.11307e-05,0.999999,-0.00157738,-0.00166629,0.00157748,0.999997
87,88,0.00721192,-0.000976467,-0.000580678,0.999983,-0.00346544,-0.00469248,0.00348097,0.999988,0.00330623,0.00468097,-0.00332251,0.999984
88,89,0.0115985,0.000615132,0.00347377,0.999977,0.000979732,-0.0067186,-0.000977331,0.999999,0.000360569,0.00671895,-0.000353994,0.999977
89,90,0.00736128,0.000347592,0.00307406,0.999986,0.00375075,0.00375551,-0.00373906,0.999988,-0.00311539,-0.00376715,0.00310131,0.999988
90,91,-0.0021922,0.00161909,-0.00546601,0.999969,-0.00626926,0.00486254,0.00628308,0.999976,-0.00283265,-0.00484467,0.00286311,0.999984
91,92,0.0166026,0.00192673,-0.00276374,0.999871,-0.0016084,-0.0159521,0.00165967,0.999993,0.0032014,0.0159468,-0.00322746,0.999868
92,93,0.0143267,0.000627055,0.00853584,0.999936,0.0095207,-0.00603379,-0.00951176,0.999954,0.00150923,0.00604788,-0.00145174,0.999981
93,94,-0.00433188,0.00225945,0.000809737,0.999905,0.0023949,0.0135835,-0.00228354,0.999964,-0.00820749,-0.0136026,0.00817569,0.999874
94,95,0.000257364,0.0125758,-0.00939787,0.99998,-0.00635871,0.00042564,0.00636179,0.99995,-0.0076788,-0.000376792,0.00768135,0.99997
95,96,0.0124428,-0.00522572,0.00262034,0.999984,0.0014028,-0.0054636,-0.0013377,0.999928,0.0118997,0.0054799,-0.0118922,0.999914
96,97,0.000658398,-0.00570237,0.00641374,0.999927,-0.00407835,0.01141,0.00406642,0.999991,0.00106878,-0.0114142,-0.00102231,0.999934
97,98,-0.000323872,0.0104271,-0.0079827,0.999967,-0.00778965,0.00211872,0.00780861,0.999928,-0.00909552,-0.00204772,0.00911177,0.999956
98,99,0.00871385,-0.00265347,4.33739e-05,0.999988,-0.000233208,-0.0049724,0.000255515,0.99999,0.00448611,0.0049713,-0.00448732,0.999978
99,100,0.00546867,0.00164278,-1.64158e-06,0.999997,3.44072e-05,0.00224779,-2.14943e-05,0.999984,-0.00574448,-0.00224795,0.00574442,0.999981
100,101,-0.000803117,0.012299,-0.00859072,0.999967,-0.00551046,0.00593485,0.00556141,0.999948,-0.00860328,-0.00588713,0.008636,0.999945
101,102,0.00755468,-0.000586221,-0.00399547,0.999981,-0.00616735,-0.000739751,0.00617398,0.999937,0.00932132,0.000682217,-0.00932571,0.999956
102,103,0.0113116,-0.0077624,0.00643464,0.999988,-0.00474797,-0.00148222,0.0047555,0.999976,0.00512075,0.00145787,-0.00512774,0.999986
103,104,-0.00109825,0.00903463,-0.00887411,0.999958,-0.00455615,0.00798126,0.00463613,0.999939,-0.0100306,-0.00793507,0.0100672,0.999918
104,105,0.00513972,0.00251517,-0.00538908,0.999997,-0.00178096,-0.00145736,0.00178511,0.999994,0.00284886,0.00145228,-0.00285145,0.999995
105,106,0.0103839,-0.00530007,0.00229472,0.999991,0.00218773,-0.00359477,-0.00217492,0.999991,0.0035636,0.00360253,-0.00355575,0.999987
106,107,0.000730299,0.00249504,-0.00382898,0.999997,0.00124436,0.00208669,-0.00123255,0.999983,-0.00564991,-0.00209368,0.00564732,0.999982
107,108,0.00346047,0.0061918,-0.00371487,0.999999,0.00125745,-0.000810877,-0.00126099,0.99999,-0.00437692,0.000805365,0.00437794,0.99999
108,109,0.00341471,0.00520441,-0.00300652,0.99999,-0.00407644,0.00190741,0.00407218,0.999989,0.00223184,-0.00191649,-0.00222405,0.999996
109,110,0.00691279,-0.00779071,0.00379227,0.999987,-0.00473349,-0.00197712,0.00475287,0.99994,0.00991577,0.00193006,-0.00992504,0.999949
110,111,0.00486308,0.000566167,0.000735837,0.999994,-0.00137708,-0.00332364,0.0013672,0.999995,-0.00297248,0.00332771,0.00296791,0.99999
111,112,0.00478259,0.00213854,-0.00145474,0.999988,0.00213021,-0.0044469,-0.0021468,0.999991,-0.00372765,0.00443892,0.00373716,0.999983
112,113,0.0021938,0.00317716,-0.00161395,0.999993,-0.0037291,0.000104084,0.00372938,0.999989,-0.00284922,-9.34578e-05,0.00284958,0.999996
113,114,0.00415619,0.00846846,-0.00213927,0.999979,-0.00638406,-0.00103965,0.0063834,0.999979,-0.000639566,0.00104372,0.000632916,0.999999
114,115,0.00519391,-0.00231226,0.000875402,0.999995,-0.00136062,-0.00280636,0.00138279,0.999968,0.00791149,0.0027955,-0.00791533,0.999965
115,116,0.00894557,-0.00632626,0.00261082,0.999981,0.00126166,-0.00604218,-0.00125258,0.999998,0.0015053,0.00604407,-0.00149771,0.999981
116,117,0.00143519,0.0101808,-0.00515261,0.999993,0.00272051,0.00258208,-0.00268861,0.999921,-0.0122772,-0.00261527,0.0122702,0.999921
117,118,0.00277305,0.0113231,-0.00466554,0.999997,-0.00147906,0.00170102,0.00148224,0.999997,-0.00186825,-0.00169825,0.00187077,0.999997
118,119,0.00935479,-0.0117568,0.00526352,0.999977,-0.00684867,-0.000253362,0.00685153,0.99988,0.0138941,0.000158175,-0.0138956,0.999903
119,120,0.013698,0.0110644,-0.00555925,0.999977,-0.006719,0.00129404,0.00673184,0.999925,-0.010191,-0.00122547,0.0101994,0.999947
120,121,0.00381008,-0.00327648,-2.44626e-05,0.999998,0.000776968,0.00172749,-0.000788969,0.999975,0.00695684,-0.00172204,-0.00695819,0.999974
121,122,0.0061822,-0.000231213,0.000621259,0.999998,-0.000457546,-0.00196898,0.000456313,1,-0.000626329,0.00196927,0.00062543,0.999998
122,123,0.00391158,0.00578783,-0.00421997,0.999995,0.00237175,0.002299,-0.00236168,0.999988,-0.00437351,-0.00230935,0.00436806,0.999988
123,124,0.00401245,0.00104447,-0.00182739,0.999996,0.000231645,0.0029818,-0.000243619,0.999992,0.0040157,-0.00298085,-0.00401641,0.999987
124,125,0.00801501,-0.00843341,0.00326743,0.999986,-0.00310073,-0.0042953,0.00313434,0.999964,0.00784029,0.00427083,-0.00785365,0.99996
125,126,0.00913026,0.00057694,0.00212881,0.999974,0.00583433,-0.00424199,-0.00585553,0.99997,-0.00500385,0.00421267,0.00502856,0.999978
126,127,0.00192667,0.00573695,-0.00443362,0.999962,0.00857272,0.00184003,-0.00856106,0.999944,-0.00625311,-0.00189353,0.00623712,0.999979
127,128,0.00290391,0.00440497,-0.00332535,0.999998,0.00202183,-0.000135065,-0.00202153,0.999996,0.00218128,0.000139475,-0.002181,0.999998
128,129,0.00893678,-0.0045378,0.00561819,0.999996,-0.00285028,-0.000914103,0.00285773,0.999962,0.00825262,0.000890546,-0.0082552,0.999966
129,130,0.00794855,-0.00461192,0.00415762,0.999998,-0.00205715,-0.000665791,0.00205589,0.999996,-0.00189459,0.000669686,0.00189321,0.999998
130,131,0.00272808,0.00911959,-0.00523142,0.999974,0.00715267,0.000325381,-0.00714837,0.999906,-0.0117114,-0.000409119,0.0117088,0.999931
131,132,0.0038266,0.00629406,-0.00458144,0.999975,0.0071213,0.000227591,-0.00712139,0.999975,0.000377044,-0.0002249,-0.000378655,1
132,133,0.00810524,-0.000183869,0.00435201,0.999994,0.00114246,0.00340419,-0.00116601,0.999975,0.0069251,-0.0033962,-0.00692902,0.99997
133,134,0.00278963,0.000669806,0.000453655,0.999955,-0.00535045,0.00779481,0.00532351,0.99998,0.0034736,-0.00781324,-0.00343195,0.999964
134,135,0.00569171,0.00135135,-0.00091273,0.999987,-0.00485957,0.00137941,0.00485517,0.999983,0.00317479,-0.00139482,-0.00316806,0.999994
135,136,0.0140648,-0.00449778,0.00535483,0.999997,0.000675979,0.0021676,-0.000678103,0.999999,0.000979301,-0.00216694,-0.000980769,0.999997
136,137,0.00270301,0.00748776,-0.00505843,0.999996,-0.0014947,0.00252134,0.00151218,0.999975,-0.00694335,-0.0025109,0.00694713,0.999973
137,138,0.00521249,0.00198752,-0.00149546,0.999995,0.000352792,0.00322728,-0.000364623,0.999993,0.00366607,-0.00322596,-0.00366723,0.999988
138,139,0.00431942,-0.00643229,0.00490006,0.999952,-0.00694368,0.00694623,0.00690279,0.999959,0.00589384,-0.00698687,-0.0058456,0.999959
139,140,0.0060337,0.000999737,-0.00142077,0.999964,-0.00842808,-4.75071e-05,0.0084279,0.99996,-0.00306798,7.33625e-05,0.00306747,0.999995
140,141,0.00432597,0.0059286,-0.00187775,0.999996,-0.00109932,0.00265979,0.00111255,0.999987,-0.00497805,-0.00265428,0.00498099,0.999984
141,142,0.00363963,-0.00146973,-0.000261991,0.999992,-0.00152869,0.00378492,0.00152063,0.999997,0.00213231,-0.00378816,-0.00212654,0.999991
142,143,0.00529984,-0.000751883,0.000499475,0.999997,-0.00226524,-0.00106646,0.00226516,0.999997,-8.00837e-05,0.00106664,7.76677e-05,0.999999
143,144,0.00537958,0.0044196,-0.00313518,0.999994,0.00218623,0.00251915,-0.00217756,0.999992,-0.00344284,-0.00252666,0.00343734,0.999991
144,145,0.0025452,0.0012349,-0.00404291,0.999986,0.000131623,0.00526109,-0.000151337,0.999993,0.0037469,-0.00526056,-0.00374765,0.999979
145,146,0.00866939,-0.00665371,0.00376546,0.999988,-0.00195499,-0.00459471,0.00198953,0.99997,0.00752467,0.00457986,-0.00753371,0.999961
146,147,0.00895827,-0.00086175,0.00447285,0.999995,0.00280163,-0.00132118,-0.0028066,0.999989,-0.00377468,0.00131059,0.00377837,0.999992
147,148,0.000497859,0.00210271,-0.0055834,0.999986,0.000627509,0.00531374,-0.000602189,0.999988,-0.00476526,-0.00531667,0.00476199,0.999975
148,149,0.0015469,0.0036918,-0.00294137,0.999998,-0.00191475,0.000117358,0.00191474,0.999998,0.000140036,-0.000117626,-0.000139811,1
149,150,0.00945105,-0.00196808,0.00395139,0.999994,-0.00125014,-0.00313831,0.00126177,0.999992,0.00370555,0.00313366,-0.00370949,0.999988
150,151,0.00576661,-0.00303838,0.000527353,0.999999,0.00116654,5.12692e-05,-0.00116655,0.999999,0.000184171,-5.10544e-05,-0.00018423,1
151,152,0.00429508,0.00112448,-0.000830324,0.999994,0.00241287,-0.00235363,-0.00242131,0.999991,-0.00358956,0.00234494,0.00359524,0.999991
152,153,0.00458533,0.00467664,-0.0026486,0.999991,0.00387164,-0.00178006,-0.0038782,0.999986,-0.00369978,0.00176571,0.00370665,0.999992
153,154,0.00602044,0.00194814,-0.000894871,0.999996,0.00291495,-0.000324473,-0.00291457,0.999995,0.00116442,0.000327865,-0.00116347,0.999999
154,155,0.0066218,0.000527644,0.000225811,0.999992,0.00171636,-0.00358336,-0.00170873,0.999996,0.00212949,0.003587,-0.00212335,0.999991
155,156,0.00884513,0.00315623,0.00138144,0.999981,0.00501098,-0.00362556,-0.00501542,0.999987,-0.001217,0.00361941,0.00123516,0.999993
156,157,0.00476737,0.000754956,-0.00236428,0.999997,-0.00120736,0.00219337,0.001202,0.999996,0.00244107,-0.00219631,-0.00243843,0.999995
157,158,0.00892736,-0.00406701,0.00216527,0.999985,-0.00293784,-0.00452587,0.00295994,0.999984,0.00488383,0.00451144,-0.00489715,0.999978
158,159,0.01198,-0.00189787,0.00420586,0.999976,0.00304769,-0.00616528,-0.00306511,0.999991,-0.00281779,0.00615664,0.00283662,0.999977
159,160,0.000318844,0.00593242,-0.00610051,0.999987,0.00304764,0.00417335,-0.00301716,0.999969,-0.00729073,-0.00419544,0.00727805,0.999965
160,161,0.00365024,0.00368802,-0.00353163,0.999999,0.0012164,-0.000622511,-0.00121481,0.999996,0.00254953,0.00062561,-0.00254877,0.999997
161,162,0.0115665,-0.00123309,0.00439153,0.999998,0.00136528,-0.00145605,-0.00135694,0.999983,0.0057141,0.00146382,-0.00571211,0.999983
162,163,0.00158902,0.00174778,-0.00233955,0.999994,0.00060875,0.00353151,-0.00061548,0.999998,0.00190493,-0.00353034,-0.00190709,0.999992
163,164,0.00742216,-0.00197933,0.000562593,0.999988,-0.000495343,-0.00481673,0.00052361,0.999983,0.00586887,0.00481373,-0.00587132,0.999971
164,165,0.0119654,-0.00205966,0.00467199,0.999972,0.00232262,-0.00716369,-0.00231424,0.999997,0.00117789,0.0071664,-0.00116128,0.999974
165,166,0.00954276,-0.00257172,0.00286918,0.999974,0.0065541,-0.00291681,-0.00656602,0.99997,-0.00409477,0.00288988,0.00411381,0.999987
166,167,0.000305435,0.00645705,-0.0051471,0.999996,0.00242949,0.00153687,-0.00241768,0.999968,-0.00763722,-0.00155537,0.00763348,0.99997
167,168,0.00522781,0.00351175,-0.00161365,0.999998,0.00198218,0.000478757,-0.00198343,0.999995,0.00261625,-0.000473568,-0.00261719,0.999996
168,169,0.012219,-0.00554075,0.006476,0.999998,-0.00174392,0.000583987,0.00173991,0.999975,0.00679378,-0.00059582,-0.00679275,0.999977
169,170,0.00442066,-0.000180628,-0.00158147,0.99999,-0.00447498,0.000628792,0.00447616,0.999988,-0.00188308,-0.000620358,0.00188588,0.999998
170,171,0.00869173,0.00439736,-0.000250582,0.999987,0.00237143,-0.00444803,-0.00238257,0.999994,-0.00249999,0.00444207,0.00251056,0.999987
171,172,0.00879222,-0.000432389,0.000926847,0.999984,0.00528486,-0.00208374,-0.00528434,0.999986,0.000254038,0.00208505,-0.000243023,0.999998
172,173,0.0049119,0.00187535,-0.000759392,0.999994,0.00324451,0.00102332,-0.0032436,0.999994,-0.000890284,-0.00102621,0.000886959,0.999999
173,174,0.0039985,0.00307259,-0.00293651,0.999987,-0.00278023,0.00429777,0.00277873,0.999996,0.000355505,-0.00429874,-0.000343558,0.999991
174,175,0.00651758,0.00332322,-0.00203313,0.999997,-0.00207301,-0.00104036,0.00207746,0.999989,0.00429408,0.00103144,-0.00429623,0.99999
175,176,0.0165188,-0.00347926,0.00877045,0.999952,0.00642526,-0.00745235,-0.00637792,0.999959,0.00635894,0.0074929,-0.00631111,0.999952
176,177,0.00340039,-8.53446e-05,-0.000425178,0.999994,0.00127106,0.00335123,-0.00126164,0.999995,-0.00280917,-0.00335478,0.00280492,0.99999
177,178,0.00118813,0.00927755,-0.00495025,0.999998,-0.00196856,-9.11196e-05,0.00196818,0.99999,-0.00399868,9.89903e-05,0.00399849,0.999992
178,179,0.0102864,0.00210792,0.00491304,0.999988,0.00242928,-0.00419212,-0.00241535,0.999992,0.00332595,0.00420017,-0.00331578,0.999986
179,180,0.00714807,-0.00293411,0.00300154,0.999999,0.0012481,0.00115817,-0.00125016,0.999998,0.00178214,-0.00115595,-0.00178359,0.999998
180,181,-0.00236977,0.00691514,-0.00596566,0.999995,-0.00142424,0.00273116,0.00143329,0.999993,-0.00331466,-0.00272642,0.00331856,0.999991
181,182,0.00864222,0.00495456,0.00121725,0.999977,0.00353695,-0.00571042,-0.00351827,0.999988,0.00327819,0.00572195,-0.00325802,0.999978
182,183,0.0106,-0.00378717,0.00563614,0.999993,0.0035278,-0.00150257,-0.00351931,0.999978,0.00561198,0.00152234,-0.00560665,0.999983
183,184,0.000637728,-0.0017734,-0.00321997,0.999981,-0.00530934,0.00318204,0.0053069,0.999986,0.000776765,-0.00318612,-0.000759863,0.999995
184,185,0.00330984,0.0100033,-0.00171846,0.999996,-0.00240037,-0.00115653,0.00239748,0.999994,-0.00249353,0.00116251,0.00249074,0.999996
185,186,0.0131341,-0.00261907,0.00736073,0.999988,0.00359695,-0.00344707,-0.00357496,0.999973,0.0063665,0.00346987,-0.0063541,0.999974
186,187,0.00595893,-0.00495443,0.00144016,1,6.5409e-05,1.43196e-05,-6.54032e-05,1,-0.000404416,-1.4346e-05,0.000404415,1
187,188,-0.00114131,0.0101342,-0.00515281,0.999999,0.00149682,-0.000480288,-0.00150007,0.999976,-0.0068342,0.000470047,0.00683491,0.999977
188,189,0.00767159,0.00251083,0.00344554,0.999984,0.00502686,-0.00273541,-0.00501356,0.999976,0.00484608,0.0027597,-0.00483228,0.999985
189,190,0.0132848,-0.0127536,0.00822769,0.999992,-0.00208036,-0.0034504,0.00210737,0.999967,0.00784215,0.00343397,-0.00784935,0.999963
190,191,0.00151472,0.00193452,-0.00295131,0.999997,-0.00224584,0.000341287,0.0022482,0.999972,-0.00709485,-0.000325344,0.0070956,0.999975
191,192,0.00196676,0.00893223,-0.00383932,0.999981,0.00570402,-0.00253906,-0.00571173,0.999979,-0.0030362,0.00252169,0.00305065,0.999992
192,193,0.0118098,-0.00609474,0.00722956,0.999968,0.0064968,-0.00475868,-0.00646414,0.999956,0.00684636,0.00480295,-0.00681538,0.999965
193,194,0.00793417,-0.0117819,0.0033904,0.999997,0.000231234,-0.00262977,-0.000229035,1,0.000836451,0.00262996,-0.000835846,0.999996
194,195,-0.00594766,0.0128709,-0.00841018,0.999992,-0.00111932,0.00390009,0.00116642,0.999926,-0.0120938,-0.00388626,0.0120983,0.999919
195,196,0.00779866,0.00278576,0.000869939,0.999988,0.000708219,-0.00482093,-0.000685167,0.999988,0.00478152,0.00482426,-0.00477816,0.999977
196,197,0.0154535,-0.0126785,0.00887748,0.999969,0.00229683,-0.00755204,-0.00224454,0.999974,0.00692541,0.00756774,-0.00690824,0.999948
197,198,-0.00150599,0.00233096,-0.00408343,0.999995,0.00281653,0.00147814,-0.00279855,0.999924,-0.0120239,-0.0015119,0.0120197,0.999927
198,199,-0.00283757,0.0155964,-0.00586051,0.999993,0.0037176,-0.000161326,-0.00371879,0.99996,-0.00816151,0.000130979,0.00816205,0.999967
199,200,0.0177323,-0.00587722,0.0113025,0.999986,0.000673007,-0.00528513,-0.000605027,0.999917,0.0128537,0.00529334,-0.0128503,0.999903
200,201,0.00628728,-0.010287,0.00357888,0.999967,-0.00787586,0.00214923,0.00786644,0.99996,0.00435722,-0.00218346,-0.00434017,0.999988
201,202,0.00126086,0.00653384,-0.00611362,0.999963,-0.00250165,-0.00821894,0.00243538,0.999965,-0.00806356,0.00823882,0.00804324,0.999934
202,203,0.0184327,-0.00569533,0.00614882,0.999926,0.00963775,-0.00744878,-0.00963108,0.999953,0.000930684,0.0074574,-0.000858876,0.999972
203,204,4.00893e-06,0.0152805,-0.00880783,0.999947,-0.00454411,-0.00924544,0.00447748,0.999964,-0.00721425,0.00927789,0.00717247,0.999931
204,205,0.0120979,-0.00680395,0.00503905,0.999937,0.00864116,-0.0071704,-0.00857367,0.999919,0.00939063,0.00725097,-0.00932857,0.99993
205,206,0.00724342,-0.013642,0.00205408,0.999965,-0.000190236,-0.00836593,0.000202604,0.999999,0.00147757,0.00836564,-0.00147921,0.999964
206,207,-0.000606595,0.0168609,-0.00971364,0.999906,0.00821017,-0.0110256,-0.00839805,0.999818,-0.0171037,0.0108831,0.0171946,0.999793
207,208,0.00393697,-0.0081319,-0.00143771,0.999879,0.0154045,-0.00227805,-0.0153651,0.999747,0.0164149,0.00253033,-0.0163779,0.999863
208,209,0.00961187,-0.0178663,0.00571901,0.99996,-0.00868548,-0.00229678,0.00871443,0.999879,0.0129113,0.00218436,-0.0129308,0.999914
209,210,0.00806652,0.00568284,-0.00654657,0.999884,-0.00867661,-0.0125542,0.00855913,0.999919,-0.00938136,0.0126346,0.00927282,0.999877
210,211,0.0117539,0.0082205,0.00308464,0.999851,0.0130218,-0.0113146,-0.0130833,0.9999,-0.00537238,0.0112435,0.00551962,0.999922
211,212,0.00109855,-0.00697258,0.000206886,0.999944,0.0104819,-0.00116467,-0.0104806,0.999944,0.00112203,0.00117637,-0.00110976,0.999999
212,213,-0.00359509,0.00465067,-0.00634277,0.999978,-0.000320523,-0.00667518,0.000290012,0.99999,-0.00457131,0.00667658,0.00456927,0.999967
213,214,0.0108734,0.00598514,0.00372808,0.999962,0.0032811,-0.00810979,-0.00327626,0.999994,0.000609659,0.00811175,-0.000583066,0.999967
214,215,0.00345846,-0.00573228,0.000933245,0.999995,-0.00253193,0.00206434,0.00251792,0.999974,0.00676252,-0.00208141,-0.00675729,0.999975
215,216,0.00883502,-0.00165309,-0.00121065,0.999904,-0.00275546,-0.0135596,0.00272468,0.999994,-0.00228788,0.0135658,0.00225072,0.999905
216,217,0.00779683,0.00836151,0.000346952,0.999906,0.00855352,-0.0106755,-0.00863927,0.999931,-0.00801184,0.0106062,0.00810332,0.999911
217,218,0.00199905,0.00230202,-0.00113719,0.99998,0.00621161,-0.00125345,-0.00621144,0.999981,0.00013784,0.00125428,-0.000130052,0.999999
218,219,0.00255399,-0.00136642,-0.000647526,0.999988,-0.00277718,-0.00403275,0.00278962,0.999991,0.00308088,0.00402416,-0.00309209,0.999987
219,220,0.00992759,0.00253467,-0.000232953,0.999947,0.000836359,-0.0102572,-0.000829925,0.999999,0.000631544,0.0102577,-0.000622998,0.999947
220,221,0.0119107,-0.0056859,0.00481181,0.999916,0.00833366,-0.009967,-0.00830796,0.999962,0.0026171,0.00998843,-0.00253407,0.999947
221,222,4.47186e-05,-0.000526763,-0.00352548,0.999976,0.00595514,-0.00340243,-0.00597306,0.999968,-0.00527904,0.00337089,0.00529924,0.99998
222,223,0.00250587,0.010048,-0.00428944,0.999976,0.00462972,-0.00508862,-0.00466172,0.999969,-0.00629499,0.00505932,0.00631856,0.999967
223,224,0.00768719,0.00234837,0.000276923,0.999985,0.00391794,-0.0037781,-0.0038996,0.999981,0.00485085,0.00379704,-0.00483604,0.999981
224,225,0.00400032,-0.00648081,0.0016293,0.999994,-0.00061432,-0.00341789,0.000635216,0.999981,0.00611589,0.00341407,-0.00611803,0.999975
225,226,0.00614991,0.0045181,-0.000242546,0.999958,0.00395834,-0.00830114,-0.00400681,0.999975,-0.00582993,0.00827785,0.00586294,0.999949
226,227,0.00399662,0.00673259,-0.00270403,0.999971,0.00731499,-0.00225987,-0.00732103,0.99997,-0.00267623,0.00224023,0.00269269,0.999994
227,228,0.00468809,-0.00336795,-0.000568756,0.999993,-0.00118668,-0.0034865,0.00120432,0.999986,0.00506318,0.00348044,-0.00506734,0.999981
228,229,0.00937076,-0.000896487,-2.77885e-05,0.999922,0.000438556,-0.0124856,-0.000421329,0.999999,0.00138233,0.0124862,-0.00137696,0.999921
229,230,0.0109002,0.00243657,0.00481593,0.999923,0.00932556,-0.00818068,-0.00934324,0.999954,-0.00212549,0.00816048,0.00220176,0.999964
230,231,-0.00291262,0.00134402,-0.0032548,0.999984,0.00337557,0.00445042,-0.00336481,0.999991,-0.0024238,-0.00445856,0.00240879,0.999987
231,232,0.00335777,0.0035655,-0.00439422,0.999954,-0.00078289,-0.00954817,0.00080037,0.999998,0.00182704,0.00954672,-0.0018346,0.999953
232,233,0.0161059,-0.00437769,0.0079213,0.999871,0.00548475,-0.0151293,-0.00541196,0.999974,0.00484798,0.0151555,-0.00476547,0.999874
233,234,0.00248825,-0.00112831,-0.000202429,0.999977,0.00661562,-0.00114676,-0.00661961,0.999972,-0.00351438,0.00112347,0.00352189,0.999993
234,235,-0.00179419,0.0030022,-0.00465569,0.99999,0.00266104,-0.00366005,-0.00267403,0.99999,-0.0035474,0.00365057,0.00355715,0.999987
235,236,0.00869971,-0.000606543,2.92824e-05,0.9999,0.00651892,-0.0125344,-0.00649261,0.999977,0.00213879,0.012548,-0.0020572,0.999919
236,237,0.00789085,-0.00650242,0.00375283,0.99993,0.00869887,-0.00799128,-0.00869182,0.999962,0.000916779,0.00799895,-0.000847256,0.999968
237,238,-0.000348788,0.00190437,-0.00362491,0.999978,0.00565446,-0.00359101,-0.00567812,0.999962,-0.00661451,0.00355347,0.00663475,0.999972
238,239,-0.000935603,0.00692884,-0.00484071,0.999986,0.00386854,-0.00360491,-0.00388414,0.999983,-0.00433044,0.0035881,0.00434438,0.999984
239,240,0.00735944,-0.00246378,0.00102809,0.999975,0.00260688,-0.00657094,-0.00256698,0.999978,0.00607334,0.00658663,-0.00605632,0.99996
240,241,0.00502632,-0.00863087,0.00222349,0.99999,0.000487921,-0.00441372,-0.000473688,0.999995,0.00322518,0.00441527,-0.00322306,0.999985
241,242,0.00293502,0.00384877,-0.0049938,0.999912,0.00690391,-0.0113616,-0.00700132,0.999939,-0.00855675,0.0113019,0.00863554,0.999899
242,243,0.00704332,0.00226842,-0.00330956,0.999816,0.0122177,-0.0147848,-0.0122637,0.99992,-0.00302379,0.0147467,0.00320455,0.999886
243,244,0.00595212,0.000256189,0.000285927,0.999904,0.0114539,-0.00785768,-0.0114568,0.999934,-0.000327201,0.00785341,0.000417193,0.999969
244,245,-0.00153986,0.000646506,-0.00149894,0.999992,0.00392036,-0.000437857,-0.0039208,0.999992,-0.00100807,0.000433902,0.00100978,0.999999
245,246,4.5335e-05,0.0044223,-0.00399244,0.999982,-0.000746484,-0.00594751,0.000744115,1,-0.000400546,0.0059478,0.000396113,0.999982
246,247,0.0115424,-0.00145954,0.0024516,0.999869,0.00818558,-0.0139454,-0.0081062,0.999951,0.00573898,0.0139917,-0.00562518,0.999886
247,248,0.00366574,-0.00205503,0.00190764,0.999951,0.00894031,-0.00433675,-0.00894107,0.99996,-0.000156961,0.00433517,0.000195728,0.999991
248,249,0.00399538,0.00580491,-0.00549222,0.999925,0.00471425,-0.0112662,-0.00478203,0.999971,-0.00599726,0.0112376,0.00605069,0.999919
249,250,0.0052968,0.000169815,0.000201077,0.99998,0.00589802,-0.00246196,-0.00589188,0.99998,0.00249449,0.00247663,-0.00247993,0.999994
250,251,0.000230757,-0.00159883,6.89443e-07,0.999999,-7.29254e-06,-0.00125877,9.63044e-06,0.999998,0.0018573,0.00125875,-0.00185731,0.999997
251,252,0.00625967,0.00299454,-0.000166464,0.99996,0.000722642,-0.00888337,-0.000753889,0.999994,-0.00351467,0.00888078,0.00352123,0.999954
252,253,0.00707772,0.00453724,-0.000505263,0.999958,0.00816928,-0.00419207,-0.00818046,0.999963,-0.00265714,0.0041702,0.00269132,0.999988
253,254,-0.00161606,-0.0030602,-0.00192185,0.999993,-0.00128389,0.0035316,0.00127037,0.999992,0.00382782,-0.00353649,-0.0038233,0.999986
254,255,0.0102258,-0.00284736,0.000806735,0.999915,-0.00509849,-0.0119969,0.005136,0.999982,0.00309806,0.0119809,-0.00315941,0.999923
255,256,0.0104303,0.00548069,0.0026399,0.9999,0.0112583,-0.00860592,-0.0113233,0.999907,-0.00754155,0.00852022,0.00763824,0.999935
256,257,0.00108091,0.00477589,-0.00515279,0.999903,0.013711,0.00237838,-0.0136997,0.999895,-0.00471308,-0.00244275,0.00468004,0.999986
257,258,0.00206267,-0.00199097,-0.00183032,0.999994,0.00335361,-0.00124893,-0.00334772,0.999983,0.00468709,0.00126463,-0.00468287,0.999988
258,259,0.00657178,0.000136616,-0.0013485,0.999991,-0.000396065,-0.00416313,0.000415542,0.999989,0.00467873,0.00416123,-0.00468042,0.99998
259,260,0.00678385,-0.00102424,0.00149608,0.999991,0.00407876,-0.000926741,-0.00407241,0.999969,0.00675414,0.000954261,-0.00675031,0.999977
260,261,0.0061757,-0.00827982,0.00399401,0.999989,-0.000714851,-0.00472419,0.000749222,0.999973,0.00727792,0.00471886,-0.00728137,0.999962
261,262,0.00408742,-0.00089086,0.00131917,0.999971,-9.25496e-05,-0.00762658,7.59877e-05,0.999998,-0.00217187,0.00762677,0.00217123,0.999969
262,263,0.00758161,-0.000699639,0.000339469,0.999966,0.00427604,-0.00710575,-0.00428804,0.999989,-0.00167447,0.00709852,0.00170488,0.999973
263,264,0.000441402,-0.00064642,-0.000453026,0.999999,0.000650429,-0.00117089,-0.000650714,1,-0.000243104,0.00117073,0.000243865,0.999999
264,265,0.00886279,-0.00297344,-0.00118911,0.999918,0.00109098,-0.0127928,-0.00104139,0.999992,0.00388244,0.012797,-0.0038688,0.999911
265,266,0.0133775,-0.00076494,0.00349152,0.999793,0.0157698,-0.0128499,-0.0157424,0.999874,0.00222612,0.0128833,-0.00202337,0.999915
266,267,0.00447903,-0.00968222,0.00665702,0.999774,0.0203743,-0.00602946,-0.0203606,0.99979,0.00232284,0.00607552,-0.00219955,0.999979
267,268,-0.0001338,0.00120614,-0.00270429,0.999868,0.0127782,-0.0100178,-0.0128772,0.999868,-0.00988065,0.00989018,0.0100084,0.999901
268,269,0.0143296,0.00439045,0.00284159,0.999985,-0.00511355,0.00197258,0.0050846,0.999883,0.0144169,-0.00204607,-0.0144067,0.999894
269,270,0.00159451,-0.0196542,0.0130912,0.99996,-0.00847589,-0.00295276,0.00851513,0.999872,0.0135417,0.0028376,-0.0135663,0.999904
270,271,0.0152399,0.00583006,0.00636035,0.999832,0.0109126,-0.0147278,-0.0111205,0.999839,-0.014109,0.0145715,0.0142704,0.999792
271,272,0.0030732,-0.0013865,0.000258013,0.999882,0.0152262,-0.00218355,-0.0152418,0.999857,-0.00733571,0.00207155,0.00736813,0.999971
272,273,0.00344382,-0.00260131,0.00237313,0.999974,0.00193485,-0.00697725,-0.0019542,0.999994,-0.00276769,0.00697186,0.00278125,0.999972
273,274,0.00941465,0.00197212,0.000339698,0.99998,3.07113e-05,-0.00632689,-5.77438e-05,0.999991,-0.00427249,0.00632671,0.00427277,0.999971
274,275,0.00608748,-0.00436942,0.00424472,0.999998,-0.000600551,0.00205422,0.000594505,0.999995,0.00294236,-0.00205598,-0.00294113,0.999994
275,276,0.00141532,-0.00588794,0.00284884,0.999988,-0.0047829,-0.000362549,0.00478304,0.999988,0.000399188,0.000360636,-0.000400917,1
276,277,0.0102362,0.00020378,0.00151883,0.999953,0.000873245,-0.00964088,-0.000921302,0.999987,-0.00498138,0.0096364,0.00499003,0.999941
277,278,0.00886252,-0.00484122,0.00193969,0.999979,0.00641584,-0.0011344,-0.00641663,0.999979,-0.000689674,0.00112995,0.000696938,0.999999
278,279,-0.00187972,-0.00105114,-0.000528178,0.999989,-0.0034159,0.00329968,0.0034263,0.999989,-0.00315085,-0.00328888,0.00316212,0.99999
279,280,0.00775119,0.0016973,-0.000982672,0.999961,-0.00219546,-0.0085023,0.00220408,0.999997,0.00100373,0.00850007,-0.00102243,0.999963
280,281,0.011395,-0.00806795,0.00758064,0.999974,0.00571041,-0.00443081,-0.00568523,0.999968,0.00567659,0.00446308,-0.00565125,0.999974
281,282,-0.000350127,-0.00406468,0.00265082,0.999998,0.00108422,0.00156877,-0.00107696,0.999989,-0.00462107,-0.00157376,0.00461937,0.999988
282,283,0.00746103,0.00274506,0.000158013,0.999917,0.00434023,-0.0121478,-0.00439841,0.999979,-0.00476656,0.0121268,0.0048196,0.999915
283,284,0.00669138,-0.00167363,0.0032739,0.999963,0.0067681,-0.00539226,-0.00676584,0.999977,0.000437403,0.0053951,-0.000400903,0.999985
284,285,0.00103136,-0.00388837,0.0027525,0.999995,0.00268721,-0.0014744,-0.00268515,0.999995,0.00139763,0.00147815,-0.00139367,0.999998
285,286,0.0012793,-0.000804505,0.000959583,0.999976,0.00134262,-0.00681979,-0.00135041,0.999998,-0.00113779,0.00681825,0.00114697,0.999976
286,287,0.00893538,0.00104071,0.000178354,0.99992,0.00506171,-0.0116076,-0.00506202,0.999987,2.67146e-06,0.0116075,5.60868e-05,0.999933
287,288,0.00416067,-0.00364041,0.00394197,0.999972,0.00642808,-0.00392403,-0.00641644,0.999975,0.00297348,0.00394305,-0.00294822,0.999988
288,289,-0.00483561,0.00233113,0.000779535,0.999997,-0.00178767,-0.00193432,0.00178238,0.999995,-0.00273161,0.0019392,0.00272815,0.999994
289,290,0.0105979,-0.00070021,-0.00213125,0.999884,0.00348393,-0.0148601,-0.00344507,0.999991,0.0026399,0.0148691,-0.0025884,0.999886
290,291,0.00570981,-0.00929795,0.00704342,0.999954,0.00849793,-0.00448152,-0.00847035,0.999945,0.00613921,0.00453344,-0.00610097,0.999971
291,292,-0.00449044,-0.00442061,0.0010142,0.999994,0.00188556,-0.00306301,-0.00189987,0.999987,-0.00467704,0.00305415,0.00468283,0.999984
