frame1, frame2, tx, ty, tz, r11, r12, r13, r21, r22, r23, r31, r32, r33
0,1,0.00249268,0.00849579,-0.00473412,0.999996,-0.00247665,-0.00115957,0.00246416,0.99994,-0.0106453,0.00118586,0.0106424,0.999943
1,2,0.105347,0.0770105,-0.0215198,0.998443,-0.0124769,-0.0543732,0.0103266,0.99916,-0.03965,0.0548223,0.0390267,0.997733
2,3,-0.00988428,0.0212699,0.0267693,0.999903,0.0101301,0.0095172,-0.0100725,0.999931,-0.00608248,-0.00957816,0.00598603,0.999936
3,4,0.0172687,0.0134254,0.00486741,0.999982,-0.00170459,-0.00571248,0.00165345,0.999959,-0.00894565,0.0057275,0.00893605,0.999944
4,5,-0.0438007,-0.0139826,-0.0121858,0.999765,0.00646454,0.020708,-0.00662783,0.999947,0.00782635,-0.0206563,-0.00796175,0.999755
5,6,-0.0139458,0.0164709,0.0197651,0.999952,0.00203357,0.00961313,-0.00200038,0.999992,-0.00346066,-0.00962009,0.00344126,0.999948
6,7,-0.0577927,0.0105319,0.0102495,0.99952,0.00927665,0.0295658,-0.00920507,0.999954,-0.00255624,-0.0295882,0.00228286,0.99956
7,8,0.020946,0.0408687,0.0174096,0.999955,0.0027483,-0.00905133,-0.00291923,0.999817,-0.0189263,0.00899766,0.0189519,0.99978
8,9,0.0246939,-0.0132295,0.0005341,0.99994,-0.00409337,-0.0101127,0.00411046,0.99999,0.00167055,0.0101058,-0.00171201,0.999947
9,10,0.022271,-0.0103191,-0.022219,0.999824,-0.0145852,-0.0117725,0.0145741,0.999893,-0.0010256,0.0117862,0.000853841,0.99993
10,11,0.0229094,-0.00871894,0.000475716,0.999908,-0.00342337,-0.0131316,0.00349043,0.999981,0.00508745,0.0131139,-0.00513281,0.999901
11,12,0.0143865,-0.0540397,-0.0159303,0.999795,-0.0136727,-0.0149238,0.0139508,0.999728,0.0186905,0.0146642,-0.0188949,0.999714
12,13,0.0113724,0.0317795,-0.00483842,0.999942,0.00618367,-0.00882749,-0.00632791,0.999845,-0.0164074,0.00872467,0.0164623,0.999826
13,14,0.107277,-0.00116531,-0.02629,0.998036,-0.0300019,-0.0549823,0.0296013,0.999529,-0.00808713,0.055199,0.00644371,0.998455
14,15,0.00771766,0.0127959,0.0115914,0.999963,-0.00471376,-0.00714879,0.00462834,0.999918,-0.0119182,0.00720438,0.0118847,0.999903
15,16,-0.0140631,0.0209165,-0.0110858,0.999991,0.00382216,0.00155438,-0.00380176,0.999909,-0.0129244,-0.00160364,0.0129184,0.999915
16,17,0.0178052,-0.0143265,0.00823975,0.999938,-0.00591986,-0.00947007,0.00598482,0.999959,0.00684571,0.00942915,-0.00690196,0.999932
17,18,-0.0656792,0.0229429,0.0439842,0.999034,0.0198134,0.039212,-0.019505,0.999776,-0.00823294,-0.0393664,0.00746016,0.999197
18,19,-0.0849753,0.0755401,0.039664,0.998643,0.0285871,0.0435337,-0.027131,0.999064,-0.033678,-0.0444558,0.0324512,0.998484
19,20,-0.0126312,0.00337302,0.0100327,0.999972,0.00709659,0.00257519,-0.00708687,0.999968,-0.0037657,-0.00260183,0.00374735,0.99999
20,21,-0.0298853,-0.0310581,-0.0124043,0.999969,0.00133045,0.00770655,-0.00141007,0.999946,0.0103346,-0.00769238,-0.0103451,0.999917
21,22,0.045269,-0.00435137,-0.0139237,0.999603,-0.00683735,-0.0273162,0.00677518,0.999974,-0.00236814,0.0273317,0.00218213,0.999624
22,23,0.0384082,-0.0622855,-0.0359383,0.999602,-0.0149527,-0.0239068,0.0155237,0.999594,0.0238792,0.02354,-0.0242409,0.999429
23,24,-0.100993,-0.0433412,0.00214542,0.998649,0.0184271,0.0485781,-0.0195248,0.999562,0.02222,-0.0481474,-0.0231385,0.998572
24,25,0.0458672,0.00524729,-0.0605484,0.999399,-0.0137623,-0.0318293,0.0136403,0.999899,-0.00404867,0.0318818,0.00361207,0.999485
25,26,0.0312061,0.00349365,-0.00179707,0.999942,-0.00195039,-0.0106105,0.00193605,0.999997,-0.00136213,0.0106131,0.00134151,0.999943
26,27,-0.12165,0.0220922,0.0593319,0.997078,0.03122,0.0697187,-0.0306906,0.999491,-0.00865188,-0.0699534,0.00648689,0.997529
27,28,-0.0103534,-0.000814985,0.0022501,0.999996,0.00267911,0.000500925,-0.00267713,0.999989,-0.0039077,-0.000511389,0.00390634,0.999992
28,29,-0.0114053,0.0615181,0.00463567,0.999791,0.0200331,0.00395591,-0.0199457,0.99958,-0.0210055,-0.00437506,0.0209222,0.999772
29,30,-0.0880369,-0.0303337,0.0445056,0.998551,0.0192288,0.0502583,-0.0202106,0.999613,0.0191,-0.0498716,-0.0200881,0.998554
30,31,0.0162048,-0.0707527,-0.0339943,0.999794,-0.011667,-0.0165819,0.0120542,0.999652,0.0234484,0.0163026,-0.0236435,0.999588
31,32,0,0,0,1,0,0,0,1,0,0,0,1
32,33,0.0304124,-0.0343285,-0.0521064,0.99966,-0.0113023,-0.0234898,0.0117616,0.99974,0.0195103,0.0232632,-0.01978,0.999534
33,34,0,0,0,1,0,0,0,1,0,0,0,1
34,35,0.0192099,-0.0257441,-0.0147224,0.999912,-0.00859775,-0.0101029,0.00862844,0.999958,0.00299748,0.0100767,-0.00308439,0.999944
35,36,-0.0976408,-0.052066,-0.0886564,0.999493,-0.00229243,0.0317559,0.00134184,0.999551,0.0299231,-0.0318103,-0.0298653,0.999048
36,37,-0.0467793,0.039648,0.033143,0.999565,0.0190319,0.0225152,-0.0187532,0.999746,-0.0125255,-0.0227479,0.0120979,0.999668
37,38,0,0,0,1,0,0,0,1,0,0,0,1
38,39,0,0,0,1,0,0,0,1,0,0,0,1
39,40,0.0457114,0.0408962,0.00798313,0.999715,-0.00396044,-0.0235498,0.00351291,0.999813,-0.0190147,0.0236207,0.0189266,0.999542
40,41,0,0,0,1,0,0,0,1,0,0,0,1
41,42,0.0428481,0.00950308,-0.0533023,0.999624,-0.0099282,-0.0255485,0.00986821,0.999948,-0.0024733,0.0255717,0.00222026,0.999671
42,43,0,0,0,1,0,0,0,1,0,0,0,1
43,44,-0.031707,-0.0250137,-0.0073618,0.999954,0.00117381,0.00956444,-0.00122307,0.999986,0.00514657,-0.00955826,-0.00515803,0.999941
44,45,-0.0191894,0.0369,0.0020296,0.999937,0.0110564,-0.00178249,-0.0110793,0.999848,-0.0134434,0.00163359,0.0134623,0.999908
45,46,0,0,0,1,0,0,0,1,0,0,0,1
46,47,0,0,0,1,0,0,0,1,0,0,0,1
47,48,-0.0226236,-0.00060869,-0.0095874,0.999974,-0.00331948,0.00644214,0.00336061,0.999974,-0.00638472,-0.00642078,0.0064062,0.999959
48,49,-0.022296,0.0555197,0.0135151,0.999915,0.0127014,0.00306645,-0.012634,0.999698,-0.0210827,-0.00333331,0.0210422,0.999773
49,50,0.0855261,-0.0236995,-0.0112066,0.99852,-0.0233094,-0.0491341,0.0240635,0.999601,0.0148128,0.0487692,-0.0159732,0.998682
50,51,-0.0987263,-0.0864841,-0.0247471,0.998919,0.00895654,0.0456128,-0.0106862,0.999227,0.0378194,-0.0452388,-0.038266,0.998243
51,52,-0.0848423,0.00195024,0.00245616,0.999235,0.0142106,0.0364272,-0.0141128,0.999896,-0.00294042,-0.0364652,0.00242408,0.999332
52,53,-0.0337349,0.000305561,-0.000358804,0.999952,-0.0019043,0.00959415,0.00187654,0.999994,0.00290182,-0.00959962,-0.00288367,0.99995
53,54,-0.0308491,-0.0172162,0.000777549,0.999982,-0.0010809,0.00592196,0.00105648,0.999991,0.00412421,-0.00592637,-0.00411788,0.999974
54,55,-0.00712658,0.00799318,0.0110765,0.999955,0.00464681,-0.00827759,-0.00472936,0.999939,-0.00998064,0.00823071,0.0100193,0.999916
55,56,0.0330713,-0.0154067,-0.0295709,0.99965,-0.00795926,-0.0252113,0.00793897,0.999968,-0.000904809,0.0252177,0.00070434,0.999682
56,57,0,0,0,1,0,0,0,1,0,0,0,1
57,58,-0.00636131,-0.0244037,0.0302343,0.999953,-0.00380054,-0.00893919,0.00393111,0.999885,0.0146351,0.00888254,-0.0146696,0.999853
58,59,-0.0165661,0.00508182,0.00188483,0.999967,0.00765515,-0.00272564,-0.00767357,0.999947,-0.00681097,0.00267335,0.00683166,0.999973
59,60,0.00290706,0.0595674,0.0342773,0.999778,0.0207133,-0.00383626,-0.0208149,0.999373,-0.0286509,0.00324039,0.0287244,0.999582
60,61,0,0,0,1,0,0,0,1,0,0,0,1
61,62,0.0630925,0.0182198,0.00906267,0.999235,-0.0163208,-0.0355532,0.0159553,0.999817,-0.010539,0.0357187,0.00996365,0.999312
62,63,0.000961368,-0.0547312,-0.0244553,0.99995,-0.0065896,-0.00745528,0.00677253,0.99967,0.0247835,0.0072895,-0.0248328,0.999665
63,64,0,0,0,1,0,0,0,1,0,0,0,1
64,65,-0.0535343,0.055155,-0.0430937,0.999697,0.00744782,0.0234539,-0.00662136,0.999361,-0.0351203,-0.0237005,0.0349544,0.999108
65,66,0,0,0,1,0,0,0,1,0,0,0,1
66,67,-0.00565605,-0.000192156,0.000533981,1,4.04343e-05,0.000102655,-4.0184e-05,0.999997,-0.00243744,-0.000102753,0.00243744,0.999997
67,68,0.0967244,-0.011267,-0.0108198,0.998303,-0.0266458,-0.0517813,0.0267215,0.999643,0.00077037,0.0517422,-0.00215274,0.998658
68,69,0.0769111,-0.0301125,-0.043668,0.998767,-0.0247267,-0.0430463,0.025423,0.999553,0.0157039,0.0426388,-0.0167789,0.99895
69,70,0.0918362,0.0154233,0.0539874,0.998593,-0.0219347,-0.0482884,0.021155,0.999638,-0.0165978,0.048635,0.0155529,0.998696
70,71,0.00141967,-0.0329017,-0.0238688,0.999956,-0.00251675,-0.00906212,0.00263871,0.999906,0.0134715,0.00902737,-0.0134948,0.999868
71,72,0,0,0,1,0,0,0,1,0,0,0,1
72,73,0,0,0,1,0,0,0,1,0,0,0,1
73,74,0.0660404,-0.033702,-0.0228565,0.999323,-0.0165735,-0.0328408,0.0169773,0.999783,0.0120553,0.0326339,-0.0126047,0.999388
74,75,0.011515,0.00792734,-0.0319712,0.999966,-0.0037623,-0.00734942,0.00372732,0.999982,-0.00476769,0.00736722,0.00474013,0.999962
75,76,-0.0383036,0.031354,-0.00574972,0.999739,0.0141331,0.0179648,-0.0138772,0.999802,-0.014293,-0.0181632,0.01404,0.999736
76,77,0,0,0,1,0,0,0,1,0,0,0,1
77,78,0.00928786,-0.00774037,-0.00944852,0.99991,0.0114133,0.00710835,-0.0114477,0.999923,0.00481367,-0.00705286,-0.00489461,0.999963
78,79,0.00505117,-0.0581544,-0.0238909,0.999901,-0.0129898,0.00538716,0.0128227,0.999468,0.0299793,-0.00577372,-0.0299072,0.999536
79,80,-0.00830505,-0.027417,-0.00484206,0.999776,-0.0211581,0.000225342,0.0211551,0.999735,0.00910888,-0.000418009,-0.00910207,0.999958
80,81,0.0698885,-0.0422651,-0.0172782,0.998769,-0.0168699,-0.0466571,0.0175221,0.999754,0.0136048,0.0464161,-0.0144056,0.998818
81,82,0.0501858,0.0218211,0.0048418,0.999727,-0.0048576,-0.0228331,0.00457635,0.999913,-0.0123537,0.0228911,0.0122459,0.999663
82,83,0,0,0,1,0,0,0,1,0,0,0,1
83,84,-0.0609569,-0.0219626,-0.00882614,0.999659,0.00221414,0.026037,-0.00242244,0.999965,0.0079714,-0.0260184,-0.00803175,0.999629
84,85,-0.0118893,0.00752468,0.00358156,0.999998,0.000532865,-0.00187267,-0.000536669,0.999998,-0.00203143,0.00187159,0.00203243,0.999996
85,86,0.0505925,-0.0123131,-0.00591285,0.999559,-0.0092909,-0.0281914,0.00941865,0.999946,0.00440214,0.028149,-0.00466572,0.999593
86,87,0.0372918,0.0863505,0.0068615,0.99986,-0.00687453,-0.0152871,0.00625218,0.999164,-0.0403923,0.015552,0.040291,0.999067
87,88,0.0426746,0.045366,0.0261659,0.999686,-0.0178516,-0.0176032,0.0175347,0.999684,-0.0179922,0.0179188,0.0176778,0.999683
88,89,0.0192503,-0.00518772,0.00542463,0.999821,-0.0128201,-0.013914,0.0128729,0.99991,0.00370801,0.0138652,-0.00388646,0.999896
89,90,0,0,0,1,0,0,0,1,0,0,0,1
90,91,0,0,0,1,0,0,0,1,0,0,0,1
91,92,0,0,0,1,0,0,0,1,0,0,0,1
92,93,0.00586769,-0.052728,0.0017337,0.999984,-0.00509164,-0.00226217,0.00515215,0.999606,0.0275995,0.00212076,-0.0276107,0.999617
93,94,0.00588043,-0.00554058,-0.00099084,0.999989,-0.00478089,-0.000365086,0.00478208,0.999983,0.00333905,0.000349116,-0.00334076,0.999994
94,95,0,0,0,1,0,0,0,1,0,0,0,1
95,96,-0.00718471,-0.0290632,0.000801049,0.999756,-0.022081,0.00086269,0.0220715,0.999709,0.00975182,-0.00107777,-0.0097304,0.999952
96,97,-0.0244704,0.00296661,-0.0257634,0.999002,-0.0445493,0.00320391,0.0445937,0.998886,-0.0154478,-0.00251216,0.0155752,0.999876
97,98,-0.107943,-0.0283163,-0.0107222,0.99899,-0.015116,0.0423147,0.0143066,0.99971,0.0193681,-0.0425952,-0.0187432,0.998917
98,99,0.0274241,0.0963314,0.0242629,0.999105,-0.0418852,-0.00583596,0.0415925,0.998186,-0.0435228,0.00764834,0.0432411,0.999035
99,100,0.00260226,-0.0560525,0.00770784,0.999975,0.00203704,-0.00674106,-0.00186907,0.99969,0.0248302,0.00678955,-0.024817,0.999669
100,101,-0.0320273,0.00529936,-0.00687072,0.999966,0.000890074,0.00825189,-0.000801593,0.999942,-0.0107196,-0.00826095,0.0107126,0.999908
101,102,-0.0374297,0.11644,0.0483763,0.999835,0.017718,0.00391119,-0.0174459,0.997977,-0.0611424,-0.0049866,0.0610641,0.998121
102,103,-0.0108793,0.0894035,0.011977,0.999893,-0.00483634,0.0137918,0.00541861,0.999082,-0.0424992,-0.0135736,0.0425694,0.999001
103,104,-0.0295259,-0.0409046,-0.00864735,0.999782,-0.0120498,0.0170806,0.0117824,0.999808,0.0156717,-0.0172661,-0.015467,0.999731
104,105,-0.0344069,0.0133964,-0.0147193,0.999585,-0.0278904,0.00716255,0.0279587,0.999563,-0.00962544,-0.00689096,0.00982171,0.999928
105,106,-0.148231,0.00635497,0.0220425,0.997721,-0.0126436,0.0662802,0.0123715,0.999913,0.00451426,-0.0663315,-0.00368399,0.997791
106,107,0.0578452,0.0329185,0.0374922,0.999099,-0.0168368,-0.0389479,0.0165153,0.999827,-0.00856118,0.0390853,0.00791023,0.999205
107,108,0,0,0,1,0,0,0,1,0,0,0,1
108,109,0,0,0,1,0,0,0,1,0,0,0,1
109,110,0.000197755,0.0231662,0.0248524,0.999955,-0.00225298,-0.0092648,0.0022094,0.999986,-0.00471149,0.00927529,0.0046908,0.999946
110,111,-0.0168046,0.000662501,-0.0146483,0.999974,-0.0051535,0.00510053,0.00519797,0.999948,-0.00874324,-0.00505521,0.00876952,0.999949
111,112,-0.0579641,-0.0277314,-0.0299229,0.999649,0.0192085,0.018232,-0.019358,0.99978,0.00806362,-0.0180731,-0.00841373,0.999801
112,113,0.0249267,0.0304864,0.0326468,0.999682,0.00454658,-0.0248065,-0.0047943,0.999939,-0.00993571,0.0247599,0.0100515,0.999643
113,114,0.0324058,-0.0418699,-0.00291359,0.999944,0.00594659,-0.00874591,-0.00579402,0.999832,0.0173677,0.00884772,-0.017316,0.999811
114,115,0,0,0,1,0,0,0,1,0,0,0,1
115,116,-0.021195,0.00987471,-0.0152769,0.999911,-0.0122815,0.00525518,0.0123067,0.999913,-0.00478835,-0.00519592,0.00485259,0.999975
116,117,-0.00172602,0.0131364,0.0242668,0.99972,-0.0216571,-0.00954359,0.0216704,0.999764,0.00129275,0.00951334,-0.0014992,0.999954
117,118,0.0415754,-0.00367634,0.0108168,0.999713,0.00479399,-0.023464,-0.00474425,0.999986,0.00217506,0.0234741,-0.00206312,0.999722
118,119,0,0,0,1,0,0,0,1,0,0,0,1
119,120,-0.0316138,0.0164036,-0.0188456,0.999935,-0.00099497,0.0113397,0.00112831,0.99993,-0.0117585,-0.0113273,0.0117705,0.999867
120,121,0.087376,-0.0817962,0.0185686,0.998341,-0.00956705,-0.0567716,0.0123205,0.998754,0.0483498,0.0562384,-0.0489691,0.997216
121,122,0.0137268,-0.0124465,0.00859809,0.999943,0.00615712,-0.00872035,-0.00608684,0.999949,0.00806355,0.00876955,-0.00801001,0.999929
122,123,0,0,0,1,0,0,0,1,0,0,0,1
123,124,-0.0174427,-0.01763,-0.0273859,0.999984,0.00341205,0.00446427,-0.00342289,0.999991,0.00242439,-0.00445595,-0.00243963,0.999987
124,125,0.0313862,0.0374743,0.0166758,0.999645,-0.0156041,-0.0216084,0.0153323,0.999802,-0.0126842,0.0218021,0.0123484,0.999686
125,126,-0.0339873,-0.00297372,-0.0265968,0.999805,-0.00547951,0.0189846,0.00564645,0.999946,-0.00875127,-0.0189356,0.00885676,0.999781
126,127,-0.0227055,0.0480037,0.0141458,0.999999,0.00164938,3.40533e-05,-0.00164826,0.999766,-0.0215489,-6.95876e-05,0.0215488,0.999768
127,128,-0.0381464,-0.00336902,0.0369421,0.999916,0.00348987,0.0124481,-0.00353869,0.999986,0.00390189,-0.0124344,-0.00394561,0.999915
128,129,0.0016197,0.0140278,-0.0144435,0.999998,-0.00138216,0.00121741,0.00139677,0.999926,-0.0120825,-0.00120062,0.0120842,0.999926
129,130,0,0,0,1,0,0,0,1,0,0,0,1
130,131,-0.0185004,-0.0124916,0.0108806,0.999987,0.00177581,0.00475193,-0.00181329,0.999967,0.0078941,-0.00473775,-0.00790261,0.999958
131,132,-0.0132444,0.00793872,-0.0300396,0.999984,-0.00204359,0.00523006,0.00208703,0.999963,-0.00831375,-0.00521288,0.00832454,0.999952
132,133,-0.0170289,-0.00327889,0.00207404,0.999973,0.00698679,0.00244495,-0.00699878,0.999963,0.00492786,-0.00241043,-0.00494483,0.999985
133,134,-0.0299486,0.0872863,0.00571694,0.999937,-0.00286545,0.0108949,0.00329827,0.999198,-0.0399183,-0.0107718,0.0399517,0.999144
134,135,-0.0160511,5.68696e-05,-6.12095e-05,0.999986,-0.00496055,0.00168406,0.00496215,0.999987,-0.000952516,-0.00167931,0.00096086,0.999998
135,136,0.0876663,-0.00740518,-0.00704175,0.99848,-0.0227476,-0.0502077,0.0231683,0.999701,0.00781419,0.0500149,-0.00896554,0.998708
136,137,-0.00268517,-0.0232024,-0.0022385,0.999964,0.00817549,-0.0022937,-0.00815558,0.99993,0.00855764,0.0023635,-0.00853863,0.999961
137,138,-0.0036555,0.00519391,-0.00297886,0.999999,0.000134577,0.00107902,-0.00012712,0.999976,-0.00690839,-0.00107992,0.00690824,0.999976
138,139,0,0,0,1,0,0,0,1,0,0,0,1
139,140,0.0633625,-0.032238,0.0192615,0.999046,-0.0175934,-0.0399669,0.0186689,0.999469,0.0266986,0.0394759,-0.0274193,0.998844
140,141,0.054082,0.0119413,-0.0159624,0.999606,-0.0096713,-0.0263517,0.00927651,0.999844,-0.015063,0.0264932,0.0148127,0.999539
141,142,-0.00488372,-0.00563829,-0.00936364,0.999994,-0.00265459,0.00226368,0.00265218,0.999996,0.0010634,-0.00226649,-0.00105739,0.999997
142,143,-0.0186234,0.0137617,-0.00301036,0.999987,-0.00447943,0.00227613,0.0044874,0.999984,-0.00350806,-0.00226038,0.00351823,0.999991
143,144,-0.000679816,0.00946686,-0.0051497,0.999973,-0.00392195,-0.00617828,0.00394094,0.999988,0.00306465,0.00616619,-0.00308892,0.999976
144,145,0.000922842,-0.0177911,-0.00147149,0.999993,0.00163327,-0.00330725,-0.0015857,0.999896,0.0143342,0.00333032,-0.0143288,0.999892
145,146,-0.0475805,0.00619177,-0.030915,0.999521,0.0131409,0.0280164,-0.0127776,0.999832,-0.0131058,-0.0281839,0.0127416,0.999522
146,147,0.0198667,0.0136444,-0.0080696,0.999977,-0.00346981,-0.0057917,0.00342326,0.999962,-0.00802854,0.00581934,0.00800853,0.999951
147,148,-0.00795476,0.00786167,-0.00199793,0.999939,-0.0096578,0.00537107,0.00962209,0.999932,0.00663542,-0.00543478,-0.00658333,0.999964
148,149,-0.0191024,-0.0273561,0.0085671,0.999989,-0.00135077,0.00447328,0.00129763,0.999929,0.011861,-0.00448899,-0.0118551,0.99992
149,150,0,0,0,1,0,0,0,1,0,0,0,1
150,151,0.0256199,0.0198623,-0.00690283,0.999974,-0.00112409,-0.00707942,0.00109966,0.999993,-0.00345394,0.00708325,0.00344607,0.999969
151,152,-0.0360819,-0.00452024,0.00580118,0.99981,-0.00196898,0.0194169,0.00183914,0.999976,0.00670259,-0.0194296,-0.0066656,0.999789
152,153,-0.0220865,-0.0255381,-0.00374363,0.999991,0.000785711,0.00427345,-0.000844805,0.999904,0.0138438,-0.00426216,-0.0138473,0.999895
153,154,0.0272938,-0.0216108,-0.00833183,0.999837,-0.000201377,-0.0180289,0.000403793,0.999937,0.0112244,0.0180255,-0.0112298,0.999774
154,155,0.0387244,0.000783954,-0.00788189,0.999905,-0.000767829,-0.0137612,0.000787099,0.999999,0.00139499,0.0137601,-0.00140569,0.999904
155,156,-0.0360266,0.00568618,0.0043558,0.999795,0.00307301,0.0200202,-0.0030104,0.99999,-0.0031568,-0.0200297,0.00309588,0.999795
156,157,-0.0152207,5.88728e-05,-0.00158805,0.999984,-0.000872002,0.00560566,0.000893945,0.999992,-0.00391316,-0.0056022,0.00391811,0.999977
157,158,0.00363925,0.0138852,-0.00552697,0.999979,-0.00451623,-0.00466013,0.00449213,0.999977,-0.00516893,0.00468336,0.00514789,0.999976
158,159,-0.020573,0.00630094,0.00578613,0.999988,0.000288211,0.00497861,-0.000298043,0.999998,0.00197434,-0.00497803,-0.00197579,0.999986
159,160,0.0081621,-0.00514667,-0.00120804,0.999984,-0.00051228,-0.00563412,0.000501086,0.999998,-0.00198799,0.00563513,0.00198513,0.999982
160,161,-0.0109503,0.00870691,-0.00395157,0.999994,-0.000445247,0.00329964,0.000451272,0.999998,-0.00182544,-0.00329883,0.00182692,0.999993
161,162,-0.0173541,0.0051258,-0.00120849,0.999991,0.00281664,0.00316469,-0.00280382,0.999988,-0.0040482,-0.00317605,0.00403929,0.999987
162,163,0.010465,0.00254776,-0.00704192,0.999969,0.00274842,-0.00732775,-0.00275696,0.999996,-0.00115634,0.00732454,0.00117651,0.999972
163,164,-0.00539326,-0.00353389,-0.0035865,0.999998,0.000287328,0.00196984,-0.000281133,0.999995,-0.00314472,-0.00197073,0.00314416,0.999993
164,165,-0.0109734,0.017932,0.00246302,0.999996,-0.000317436,0.0027042,0.000348902,0.999932,-0.0116432,-0.00270033,0.0116441,0.999929
165,166,0.00251488,5.71525e-05,-0.00121482,0.999977,-0.00215058,-0.0064231,0.00215123,0.999998,9.41369e-05,0.00642288,-0.000107952,0.999979
166,167,0.00611941,0.00831491,-0.0246683,0.999994,0.00195849,-0.00269903,-0.00196969,0.999989,-0.00415602,0.00269087,0.00416131,0.999988
167,168,0.0118319,-0.0120106,-0.0069579,0.999922,0.00494445,-0.0114574,-0.00486683,0.999965,0.00679332,0.0114906,-0.00673703,0.999911
168,169,-0.0104594,0.00202538,-0.0245699,0.999999,0.00045931,0.00148253,-0.000455672,0.999997,-0.00245306,-0.00148365,0.00245238,0.999996
169,170,0.0136331,0.00636193,-0.00775739,0.999981,-0.00387327,-0.00474776,0.00385241,0.999983,-0.00439456,0.0047647,0.00437618,0.999979
170,171,-0.0111391,-0.000773758,0.000118867,0.999975,-0.00477122,0.00523203,0.00473018,0.999958,0.00782753,-0.00526916,-0.00780258,0.999956
171,172,-0.0289898,0.00255213,0.00159592,0.999883,0.0103431,0.0112387,-0.0102938,0.999937,-0.00443487,-0.0112839,0.00431866,0.999927
172,173,0.0447057,0.00335246,-0.0105155,0.999854,-0.000360705,-0.0170723,0.000246097,0.999977,-0.00671467,0.0170744,0.00670949,0.999832
173,174,-0.0239004,0.00473201,0.00135293,0.999888,-0.00221794,0.0148196,0.00217784,0.999994,0.00272125,-0.0148255,-0.00268867,0.999886
174,175,0.0185144,-0.0423595,-0.0116424,0.999866,-0.0109721,-0.0121807,0.0112048,0.999753,0.0192,0.011967,-0.0193339,0.999741
175,176,0.0309615,0.0168206,-0.00320659,0.99977,-0.000826636,-0.0214501,0.000599033,0.999943,-0.0106151,0.0214576,0.0105998,0.999714
176,177,-0.014411,0.0254742,0.00459535,0.999954,-0.000635952,0.0095241,0.000721955,0.999959,-0.00902927,-0.00951797,0.00903574,0.999914
177,178,-0.0338833,0.00796757,0.00565872,0.999709,-0.00344342,0.0238714,0.00337496,0.99999,0.00290737,-0.0238811,-0.00282596,0.999711
178,179,-0.0410857,-0.0108472,0.00363506,0.999818,-0.00154331,0.019039,0.00135616,0.999951,0.00983886,-0.0190532,-0.00981125,0.99977
179,180,0.00940069,-0.0863882,-0.0172006,0.999925,0.0101156,-0.00696765,-0.0098889,0.999444,0.031833,0.00728579,-0.0317617,0.999469
180,181,-0.00237498,-0.00248581,0.00213578,0.999973,-0.00236279,-0.00690558,0.00232964,0.999986,-0.00480424,0.00691683,0.00478802,0.999965
181,182,0.0365784,-0.000611805,-0.00717476,0.999792,0.000236403,-0.0203776,-0.000198976,0.999998,0.00183869,0.020378,-0.00183425,0.999791
182,183,-0.00598988,0.0134739,-7.33413e-05,0.999909,0.0107794,0.00815708,-0.01073,0.999924,-0.00607669,-0.00822197,0.00598861,0.999948
183,184,-0.0271893,0.014111,0.0028723,0.999778,0.00150938,0.0210079,-0.00139198,0.999983,-0.00560186,-0.021016,0.00557137,0.999764
184,185,-0.0675081,-0.0150532,0.00676817,0.999671,-0.000796537,0.0256307,0.00067493,0.999988,0.00475289,-0.0256342,-0.00473403,0.99966
185,186,0.0241158,-0.0156281,-0.00951601,0.999847,-0.00634692,-0.0162699,0.00641222,0.999972,0.00396489,0.0162443,-0.00406862,0.99986
186,187,0.0683684,0.00842627,-0.0110694,0.999587,0.00059394,-0.0287152,-0.000602388,1,-0.000285562,0.028715,0.000302741,0.999588
187,188,-0.0498572,-0.0212265,0.006899,0.999556,-0.00216613,0.0297157,0.00196677,0.999975,0.00673624,-0.0297296,-0.00667481,0.999536
188,189,-0.0182498,-0.00191293,-0.00848591,0.999993,-0.00178455,0.00335577,0.00180628,0.999977,-0.00648479,-0.00334412,0.0064908,0.999973
189,190,-0.0480257,0.0747673,-0.0248978,0.999863,-0.00532077,0.0156555,0.00589997,0.999291,-0.0371858,-0.0154465,0.0372731,0.999186
190,191,0.0294442,-0.00848139,-0.000986136,0.999907,-0.000957502,-0.0136307,0.00109296,0.99995,0.00993358,0.0136205,-0.00994755,0.999858
191,192,-0.0192821,-0.00736896,0.000908301,0.999943,-0.00435451,0.00975148,0.004374,0.999988,-0.00197916,-0.00974275,0.0020217,0.99995
192,193,-0.0164428,0.0082054,0.00386032,0.999997,-0.000543458,0.00242114,0.000557116,0.999984,-0.0056438,-0.00241803,0.00564513,0.999981
193,194,0.011895,-0.00359076,0.000677666,0.999963,0.00166616,-0.00842686,-0.00161556,0.999981,0.00600747,0.0084367,-0.00599363,0.999946
194,195,0.00266318,-0.00642944,-0.000831434,1,0.00020195,-0.000402045,-0.000201511,0.999999,0.00109335,0.000402265,-0.00109327,0.999999
195,196,-0.0463664,0.0114419,0.00699706,0.999795,0.002964,0.0200352,-0.00286749,0.999984,-0.00484406,-0.0200493,0.00478562,0.999788
196,197,-0.0691847,0.0216174,0.00586687,0.999796,0.00521684,0.0195133,-0.0050651,0.999957,-0.00781754,-0.0195533,0.00771711,0.999779
197,198,0.0558691,0.00161536,-0.000747956,0.999381,-0.00368954,-0.0349742,0.00360451,0.99999,-0.00249394,0.0349831,0.00236633,0.999385
198,199,0.0111718,0.00593797,-0.0005696,0.99998,0.00273527,-0.00569136,-0.00277252,0.999975,-0.00654864,0.00567331,0.00656429,0.999962
199,200,-0.0462009,0.0230591,0.00288663,0.999793,0.00507082,0.0196964,-0.00475837,0.999863,-0.0158782,-0.0197743,0.0157812,0.99968
200,201,0.00541169,0.00527723,-0.00546959,0.999924,0.000724851,-0.0123316,-0.00068735,0.999995,0.00304501,0.0123337,-0.0030363,0.999919
201,202,0.0860073,-0.0581546,0.02448,0.998864,-0.0039908,-0.0474905,0.00531835,0.999598,0.0278605,0.0473603,-0.0280814,0.998483
202,203,0.00915084,0.00731509,-0.000728995,0.999995,-0.000602222,-0.00296391,0.00058354,0.99998,-0.00630019,0.00296765,0.00629843,0.999976
203,204,-0.0405285,0.00101823,0.0036798,0.999828,-0.000350211,0.0185584,0.000382874,0.999998,-0.00175646,-0.0185578,0.00176326,0.999826
204,205,-0.00859911,-0.00987221,-0.00520537,0.999988,0.00169409,-0.00450316,-0.0016546,0.99996,0.00875966,0.00451782,-0.00875211,0.999951
205,206,0.029942,-0.010773,0.00146188,0.999771,0.00166582,-0.0213284,-0.00157917,0.99999,0.00407907,0.021335,-0.00404446,0.999764
206,207,0.00904068,-0.00224546,0.00210521,0.99999,-0.00104984,-0.00430874,0.00102634,0.999985,-0.00545325,0.0043144,0.00544877,0.999976
207,208,-0.0450752,0.0168435,0.0025446,0.999945,0.00214772,0.0102789,-0.00212416,0.999995,-0.00230199,-0.0102838,0.00228003,0.999945
208,209,0.0276233,0.000406007,0.00383656,0.999832,0.00542262,-0.0174901,-0.00540742,0.999985,0.000916458,0.0174948,-0.000821728,0.999847
209,210,0,0,0,1,0,0,0,1,0,0,0,1
210,211,-0.0104566,0.0192561,-0.0152176,0.999972,-0.00705897,0.00245158,0.00709948,0.999831,-0.0169284,-0.00233167,0.0169454,0.999854
211,212,-0.0499674,0.032146,-0.00272326,0.999891,-0.000214879,0.014796,0.000411318,0.999912,-0.0132748,-0.0147918,0.0132794,0.999802
212,213,0.0419194,0.00290481,0.0110474,0.999549,-0.00162992,-0.0299784,0.00167606,0.999997,0.00151405,0.0299759,-0.00156362,0.999549
213,214,0.0215126,-0.00413218,-0.0106038,0.999953,-0.00907888,-0.00353235,0.00906462,0.999951,-0.00403403,0.0035688,0.00400182,0.999986
214,215,-0.0265404,0.0146631,-0.000903778,0.999901,-0.000830864,0.0140233,0.000976512,0.999946,-0.0103825,-0.014014,0.0103952,0.999848
215,216,-0.0119024,-0.0243939,-0.000192709,0.999928,-0.011989,-0.000587581,0.0119946,0.99987,0.0108064,0.000457947,-0.0108127,0.999941
216,217,0.0114991,0.00528679,-0.0267145,0.999967,-0.00435805,-0.00688854,0.00430805,0.999964,-0.00725699,0.00691992,0.00722707,0.99995
217,218,0.00725432,0.00768834,0.0197738,0.999994,0.00133688,-0.00308438,-0.00135344,0.999985,-0.00537024,0.00307715,0.00537438,0.999981
218,219,-0.0272975,-0.0126362,-0.00336864,0.999955,-0.00279029,0.00907381,0.00275819,0.99999,0.0035486,-0.00908362,-0.00352342,0.999953
219,220,-0.0115801,-0.0389305,-0.0114228,1,-0.000627892,0.000504454,0.000624444,0.999977,0.00680709,-0.000508716,-0.00680677,0.999977
220,221,0.00385862,0.0182927,0.0190438,0.999967,0.0080688,-0.000853654,-0.00807757,0.999909,-0.0108324,0.000766171,0.0108389,0.999941
221,222,0.00639527,-0.023187,0.0044209,0.999995,-0.00303729,0.00116712,0.00301745,0.999857,0.0166448,-0.00121751,-0.0166412,0.999861
222,223,-0.0568587,-0.0252859,-0.00297139,0.999673,-0.00077511,0.025575,0.000616461,0.999981,0.00621058,-0.0255793,-0.00619278,0.999654
223,224,0.021494,0.00513197,0.000448739,0.999856,-0.00235676,-0.0167764,0.00221821,0.999963,-0.00827231,0.0167953,0.00823391,0.999825
224,225,0.0170559,0.022645,0.00218927,0.999961,-0.00152386,-0.0087563,0.00142647,0.999937,-0.0111178,0.00877269,0.0111049,0.9999
225,226,-0.0138616,-0.0122494,4.88573e-05,0.999956,-0.00349152,0.00875603,0.0034371,0.999975,0.00622204,-0.00877753,-0.00619167,0.999942
226,227,-0.0325239,-0.0139435,-0.0018292,0.999921,0.00453122,0.0117565,-0.00455845,0.999987,0.00229108,-0.011746,-0.00234449,0.999928
227,228,0.0180828,0.000107028,0.00231973,0.999913,0.000703789,-0.0131656,-0.000686047,0.999999,0.00135202,0.0131665,-0.00134287,0.999912
228,229,0.0268951,0.0115155,0.00769167,0.999946,-0.000355561,-0.0104062,0.000393867,0.999993,0.00367922,0.0104048,-0.00368312,0.999939
229,230,-0.0507255,-0.0275149,-0.0103928,0.999621,0.00140364,0.0274926,-0.00177648,0.999907,0.0135416,-0.0274711,-0.0135853,0.99953
230,231,-0.0417141,0.0375,-0.00950076,0.99985,0.00395246,0.016876,-0.00354132,0.999698,-0.0243234,-0.016967,0.02426,0.999562
231,232,0.0108579,0.0106686,-0.000898835,0.999953,-0.000950479,-0.00959886,0.000921107,0.999995,-0.00306392,0.00960173,0.00305494,0.999949
232,233,0.00958965,0.0066838,0.00194592,0.999989,-0.00363092,-0.00304189,0.00363781,0.999991,0.00226036,0.00303365,-0.0022714,0.999993
233,234,-0.0499866,-0.0153995,-0.00828872,0.999746,-0.00125915,0.0225149,0.00106783,0.999963,0.00850749,-0.0225247,-0.00848128,0.99971
234,235,-0.0301428,-0.0119245,-0.00385702,0.99999,0.00197415,0.00390064,-0.00198778,0.999992,0.00349195,-0.00389372,-0.00349967,0.999986
235,236,0.00930426,0.0344861,0.00527728,0.999911,0.0048178,-0.0124218,-0.00503446,0.999835,-0.0174697,0.0123356,0.0175307,0.99977
236,237,0.018358,0.0116851,0.00520969,0.999981,0.00047364,-0.0061929,-0.000496709,0.999993,-0.0037242,0.00619109,0.0037272,0.999974
237,238,-0.0322917,0.00561086,-0.0052264,0.999836,-0.000300217,0.0180974,0.00041869,0.999979,-0.00654296,-0.018095,0.00654946,0.999815
238,239,-0.0307813,0.00245526,-0.00496999,0.999957,-0.00258825,0.00888856,0.00263769,0.999981,-0.00555499,-0.00887401,0.0055782,0.999945
239,240,0.00344898,0.00620209,-0.00471815,0.999962,-0.00190445,-0.00851086,0.00191114,0.999998,0.000777443,0.00850936,-0.000793679,0.999963
240,241,-0.00266401,-0.0176639,-0.0288383,0.999973,0.00719073,0.00124424,-0.00719973,0.999947,0.00738632,-0.00119106,-0.00739508,0.999972
241,242,-0.0380913,-0.0118745,-0.00931861,0.999854,0.0028163,0.0168801,-0.00290413,0.999982,0.00518041,-0.0168653,-0.00522867,0.999844
242,243,-0.0320699,-0.0577624,-0.0207698,0.999976,0.00289832,0.00633509,-0.00305128,0.999701,0.0242705,-0.00626285,-0.0242892,0.999685
243,244,0.03414,0.0228072,-0.00499885,0.999722,-0.00283754,-0.0234209,0.00248139,0.999881,-0.0152213,0.0234613,0.0151589,0.99961
244,245,0,0,0,1,0,0,0,1,0,0,0,1
245,246,0.00153501,-0.0200302,0.0343069,0.999998,-0.000532796,-0.00215541,0.000563078,0.999901,0.0140732,0.0021477,-0.0140744,0.999899
246,247,-0.0120491,0.057762,-0.0070663,0.99999,-0.00445329,0.00067052,0.00446883,0.99967,-0.0252864,-0.000557691,0.0252891,0.99968
247,248,0.0322491,0.0125728,0.00728617,0.99981,-0.00139915,-0.0194633,0.00132895,0.999993,-0.0036192,0.0194682,0.00359264,0.999804
248,249,0.0363761,0.0135736,0.0200601,0.999881,-0.00465943,-0.0147198,0.00453956,0.999956,-0.00816611,0.0147572,0.00809831,0.999858
249,250,-0.0261313,0.00261287,-0.00536869,0.999915,0.00220337,0.0128315,-0.00214632,0.999988,-0.00445788,-0.0128412,0.00442996,0.999908
250,251,0.0070764,0.012515,0.00621036,0.999982,-0.00355035,-0.00473555,0.00354688,0.999993,-0.000741715,0.00473816,0.000724905,0.999989
251,252,-0.00792542,-0.00126091,0.00165377,0.999996,0.000110528,0.0028081,-0.000124783,0.999987,0.00507675,-0.0028075,-0.00507708,0.999983
252,253,0.00353258,0.00738377,0.00545058,0.999997,-0.00223446,-0.000288067,0.00223429,0.999997,-0.000604314,0.000289416,0.000603669,1
253,254,-0.035134,-0.00884709,-0.00496275,0.999902,0.000535725,0.0139633,-0.000608608,0.999986,0.00521584,-0.0139604,-0.00522382,0.999889
254,255,-0.0100895,-0.00348891,-0.000251515,0.999996,-0.00268238,-0.00112385,0.00268311,0.999996,0.000648069,0.00112211,-0.000651081,0.999999
255,256,0.0274201,-0.00083811,0.00753176,0.999837,-0.00413399,-0.0175611,0.00408814,0.999988,-0.00264557,0.0175719,0.00257335,0.999842
256,257,0.00423332,0.0055743,0.00560447,0.999991,0.000176883,-0.00414125,-0.00019189,0.999993,-0.00362365,0.00414058,0.00362441,0.999985
257,258,-0.0163036,0.00181313,-0.00423353,0.999989,0.00320141,0.00347571,-0.00321023,0.999992,0.00253567,-0.00346756,-0.0025468,0.999991
258,259,0.010555,0.00238105,0.00906195,0.999975,-0.000988869,-0.00699273,0.00099225,0.999999,0.000480096,0.00699225,-0.000487023,0.999975
259,260,-0.0124633,-0.00270953,-0.00189634,0.99999,0.000645259,0.00453596,-0.000639026,0.999999,-0.00137528,-0.00453684,0.00137236,0.999989
260,261,-0.00450446,0.00594321,0.00121021,1,4.17966e-05,-0.000717524,-4.23617e-05,1,-0.000787559,0.000717491,0.000787589,0.999999
261,262,-0.00275144,0.0223826,0.0117647,0.999998,-0.00149481,-0.00142698,0.001482,0.999959,-0.00893417,0.00144028,0.00893204,0.999959
262,263,-0.0112552,0.0016741,-0.0235101,0.999995,-0.00196876,0.00239343,0.00197138,0.999997,-0.00109296,-0.00239128,0.00109768,0.999997
263,264,0.000451539,-0.00784366,-0.00179176,0.999992,-0.00214986,-0.003416,0.00215565,0.999996,0.00169103,0.00341235,-0.00169838,0.999993
264,265,-0.0203829,0.0124329,-0.00447284,0.999984,0.001833,0.00543641,-0.00180462,0.999985,-0.00522147,-0.0054459,0.00521157,0.999972
265,266,0.0215011,-0.0205891,0.00369085,0.999878,-0.00114721,-0.0155817,0.001339,0.999923,0.012304,0.0155664,-0.0123233,0.999803
266,267,-0.00656255,-0.0195012,-0.0066577,0.999999,0.000447293,0.00166453,-0.000456371,0.999985,0.00545769,-0.00166206,-0.00545844,0.999984
267,268,-0.0298036,0.0195271,-0.009733,0.999952,0.000463434,0.00981587,-0.000372214,0.999957,-0.00929292,-0.00981975,0.00928882,0.999909
268,269,0.0188248,-0.00336758,0.0165233,0.999794,-0.002423,-0.0201499,0.0027284,0.999882,0.0151426,0.0201108,-0.0151944,0.999682
269,270,0.00796289,-0.00716702,0.00589497,0.999913,0.0100556,-0.00848269,-0.00999665,0.999926,0.00695978,0.00855205,-0.00687438,0.99994
270,271,-0.0174981,-0.0322832,-0.025593,0.999924,0.00748677,0.00984185,-0.00760878,0.999894,0.0124182,-0.00974783,-0.0124921,0.999874
271,272,-0.0648157,0.0363622,-0.0138676,0.999557,0.00411013,0.0294827,-0.00377972,0.99993,-0.0112538,-0.0295269,0.0111374,0.999502
272,273,-0.00153559,0.0156508,-0.0165431,0.999992,0.00401549,-9.24106e-05,-0.00401553,0.999992,-0.000404773,9.07845e-05,0.000405141,1
273,274,-0.0179393,-0.0849094,-0.0390833,0.999876,0.0134693,-0.00811238,-0.0130866,0.998878,0.0455114,0.00871629,-0.0453996,0.998931
274,275,-0.0264271,-0.0302868,-0.0262131,0.999933,0.0067281,0.0093958,-0.00681844,0.999931,0.00961545,-0.00933045,-0.00967888,0.99991
275,276,0,0,0,1,0,0,0,1,0,0,0,1
276,277,0,0,0,1,0,0,0,1,0,0,0,1
277,278,-0.0010236,-0.0411659,-0.0170547,0.999991,-0.00404483,-0.00152971,0.00407319,0.999811,0.0190147,0.00145251,-0.0190208,0.999818
278,279,-0.023964,0.00462385,-0.0218193,0.999973,0.00154194,0.00717156,-0.00153528,0.999998,-0.000933892,-0.00717299,0.000922856,0.999974
279,280,0.0370935,0.0305329,0.0211006,0.999843,0.00367284,-0.0173184,-0.00374601,0.999984,-0.00419398,0.0173027,0.0042582,0.999841
280,281,0.0938451,-0.031658,0.0512594,0.999188,-0.0145626,-0.0375554,0.0152618,0.999714,0.0183988,0.0372767,-0.018957,0.999125
281,282,-0.000548844,0.0042192,-0.0215137,0.999999,0.00112043,0.000644724,-0.00111175,0.999911,-0.0133036,-0.000659572,0.0133028,0.999911
282,283,-0.0351066,0.037473,-0.013809,0.999939,0.00195469,0.0109025,-0.00179005,0.999885,-0.0150908,-0.0109307,0.0150704,0.999827
283,284,0.00879212,0.0278365,0.0128847,0.999968,0.0018902,-0.00780762,-0.00196391,0.999953,-0.00944383,0.0077894,0.00945886,0.999925
284,285,0.0129386,-0.00960046,0.0297882,0.999983,0.00211735,-0.00538258,-0.00207576,0.999968,0.00772021,0.00539876,-0.0077089,0.999956
285,286,-0.00428207,-0.0235889,-0.00168623,0.99998,-0.0051403,0.00377496,0.00509302,0.99991,0.0124288,-0.00383851,-0.0124093,0.999916
286,287,-0.00869247,0.0119898,-0.000405142,0.999975,0.0065367,0.00253902,-0.00652748,0.999972,-0.00362409,-0.00256264,0.00360743,0.99999
287,288,0,0,0,1,0,0,0,1,0,0,0,1
288,289,-0.0290224,-0.0432721,-0.0162777,0.999919,-0.00679913,0.0107869,0.00660279,0.999814,0.0181346,-0.0109082,-0.0180619,0.999777
289,290,-0.0214038,-0.0201271,-0.0220302,0.999675,-0.0253367,0.00279654,0.0253297,0.999676,0.00251124,-0.00285926,-0.00243959,0.999993
290,291,-0.0694769,0.00710618,0.00994875,0.999666,-0.00349764,0.0256036,0.00340626,0.999988,0.00361179,-0.025616,-0.00352337,0.999666
291,292,-0.0708246,-0.0410629,0.00859603,0.998972,0.0339916,0.0300033,-0.0348855,0.998947,0.0297892,-0.0289591,-0.0308053,0.999106
292,293,0,0,0,1,0,0,0,1,0,0,0,1
293,294,-0.0257379,0.0411846,-0.0367072,0.999964,-0.00117341,0.00840443,0.00135927,0.999754,-0.0221425,-0.00837638,0.0221531,0.999719
294,295,0.000791941,-0.0339485,0.0134531,0.999817,-0.0190406,-0.00208964,0.0190774,0.999632,0.019272,0.00172192,-0.0193084,0.999812
295,296,0,0,0,1,0,0,0,1,0,0,0,1
296,297,-0.020784,-0.0131882,-0.0235031,0.999991,0.00399146,-0.00159779,-0.00399255,0.999992,-0.000677685,0.00159508,0.000684058,0.999998
297,298,-0.0620009,0.0354585,0.0125029,0.999633,0.0126933,0.0239133,-0.0124008,0.999847,-0.0123415,-0.0240663,0.0120404,0.999638
298,299,-0.0391719,-0.0212037,0.032616,0.999782,0.0122303,0.0169008,-0.0123896,0.99988,0.00935285,-0.0167843,-0.00956021,0.999813
299,300,0.0229055,-0.00486978,-0.0164008,0.999793,-0.0100449,-0.0176915,0.00985892,0.999896,-0.0105659,0.0177958,0.0103893,0.999788
300,301,0,0,0,1,0,0,0,1,0,0,0,1
301,302,0.00587281,-0.0020127,-0.0249263,0.999979,-0.00412743,-0.00497836,0.00411264,0.999987,-0.00297726,0.00499058,0.00295672,0.999983
302,303,0.0154872,-0.00507302,-0.0201223,0.999919,-1.75745e-05,-0.0127367,-2.96568e-05,0.999993,-0.00370807,0.0127367,0.00370814,0.999912
303,304,0,0,0,1,0,0,0,1,0,0,0,1
304,305,0.0447782,-0.0360039,0.0266173,0.999613,-0.013953,-0.0240554,0.0145644,0.99957,0.0254315,0.0236902,-0.025772,0.999387
305,306,0,0,0,1,0,0,0,1,0,0,0,1
306,307,0.0042784,0.0416766,0.0102884,0.99994,-0.00587603,-0.00929025,0.00574801,0.999889,-0.0137473,0.00937,0.013693,0.999862
307,308,0,0,0,1,0,0,0,1,0,0,0,1
308,309,0.0175433,0.00232603,-0.0139872,0.99999,-4.07081e-05,-0.00450397,-2.99565e-06,0.999953,-0.00970294,0.00450415,0.00970286,0.999943
309,310,0,0,0,1,0,0,0,1,0,0,0,1
310,311,0,0,0,1,0,0,0,1,0,0,0,1
311,312,0,0,0,1,0,0,0,1,0,0,0,1
312,313,0.032674,0.00102101,-0.0392812,0.999903,-0.000848442,-0.0138668,0.000774197,0.999985,-0.00535867,0.0138712,0.00534742,0.999889
313,314,0.00861235,-0.00238204,0.0219695,0.999995,0.0020896,-0.00218058,-0.00207596,0.999978,0.00623968,0.00219357,-0.00623512,0.999978
314,315,-0.0556439,-0.0113117,-0.0192821,0.999773,-0.0080997,0.0197189,0.00796795,0.999945,0.00675128,-0.0197726,-0.00659262,0.999783
315,316,0.0741692,-0.0468775,0.00440691,0.998926,-0.0189186,-0.0422959,0.0196384,0.999668,0.016668,0.0419665,-0.0174807,0.998966
316,317,-0.00645579,0.0294157,0.0205579,0.999949,-0.0100979,0.000353589,0.0101025,0.999801,-0.0171847,-0.00017999,0.0171874,0.999852
317,318,-0.00502706,-0.00893669,-0.00510516,0.999982,0.000606395,-0.00590156,-0.000583908,0.999993,0.00381148,0.00590382,-0.00380797,0.999975
318,319,0.0364844,-0.0266094,-0.00709265,0.999818,-0.00298083,-0.0188631,0.00322508,0.999911,0.0129315,0.0188228,-0.01299,0.999738
319,320,0.0646284,0.00191698,0.0228775,0.999099,-0.0285599,-0.0313957,0.0286394,0.999588,0.00208733,0.0313231,-0.0029846,0.999505
320,321,-0.0332546,0.000713056,0.0127271,0.999894,-0.00973046,0.0108287,0.00967569,0.99994,0.00509863,-0.0108777,-0.00499332,0.999928
321,322,-0.0853011,0.00367883,0.0200746,0.999404,-0.00597278,0.0339892,0.00599591,0.999982,-0.000578832,-0.0339852,0.000782284,0.999422
322,323,0.113658,-0.0168573,-0.0159361,0.99858,-0.00470182,-0.0530577,0.00498928,0.999974,0.00528662,0.0530314,-0.00554384,0.998577
323,324,-0.0452824,0.109876,0.0103515,0.999379,0.00792675,0.0343368,-0.00614166,0.998639,-0.0517847,-0.0347005,0.0515416,0.998068
324,325,-0.069883,-0.0079501,0.0272938,0.999091,0.018961,0.0381672,-0.0193982,0.99975,0.0111171,-0.0379469,-0.0118474,0.99921
325,326,-0.0104035,-0.0122394,-0.0142499,0.999995,-0.00275765,0.00136094,0.00274708,0.999967,0.00770307,-0.00138214,-0.0076993,0.999969
326,327,0.0424037,-0.0217441,-0.0103668,0.999679,0.00197216,-0.0252539,-0.00195447,0.999998,0.000725252,0.0252553,-0.000675661,0.999681
327,328,0.0178761,0.0559408,0.0157711,0.999954,0.00136479,-0.00953581,-0.00159617,0.999703,-0.024299,0.00949982,0.0243131,0.999659
328,329,-0.0149834,-0.0474848,0.00575486,0.999961,0.00385857,0.00796522,-0.00408418,0.999585,0.0285062,-0.00785192,-0.0285376,0.999562
329,330,0,0,0,1,0,0,0,1,0,0,0,1
330,331,0,0,0,1,0,0,0,1,0,0,0,1
331,332,-0.0653799,-0.00147979,0.00460365,0.999627,0.00724927,0.0263161,-0.00736614,0.999963,0.00434668,-0.0262837,-0.00453891,0.999644
332,333,0.0357719,-0.0192186,-0.00813881,0.99955,-0.00839895,-0.0288093,0.00853997,0.999952,0.00477543,0.0287679,-0.00501931,0.999574
