frame1, frame2, tx, ty, tz, r11, r12, r13, r21, r22, r23, r31, r32, r33
0,1,0.0128287,-0.000723045,-0.000802359,0.999843,-0.0173114,0.00370188,0.017272,0.999797,0.0104141,-0.00388141,-0.0103485,0.999939
1,2,0.00580809,0.00467071,-0.00551137,0.999845,-0.0118385,0.0130393,0.0118317,0.99993,0.000596946,-0.0130454,-0.000442577,0.999915
2,3,0.00840773,0.00279085,-0.0042136,0.999793,-0.0154409,0.0132364,0.0154005,0.999876,0.00314207,-0.0132833,-0.00293757,0.999907
3,4,0.00266857,0.00463713,-0.00774453,0.999629,-0.0169597,0.0213271,0.0169826,0.999855,-0.000893441,-0.0213089,0.0012553,0.999772
4,5,-0.00191736,0.00988258,-0.00937862,0.999817,-0.011313,0.0154385,0.0112769,0.999933,0.00242918,-0.015465,-0.00225464,0.999878
5,6,0.017132,0.00250524,-0.00105638,0.999956,-0.00906858,0.00258752,0.00903561,0.999881,0.0124826,-0.00270041,-0.0124586,0.999919
6,7,0.00961577,-0.006351,-0.00285699,0.999644,-0.0180052,0.0196803,0.0178728,0.999817,0.00688433,-0.0198007,-0.00653013,0.999783
7,8,0.009635,0.00871065,-0.00848675,0.999603,-0.0175088,0.0220905,0.0176771,0.999816,-0.00744625,-0.0219561,0.00783379,0.999728
8,9,0.0155945,0.00136922,-0.00313118,0.999353,-0.0200051,0.0298972,0.0199464,0.999798,0.00226247,-0.0299364,-0.00166466,0.99955
9,10,-0.00217339,0.00392474,-0.0105961,0.998719,-0.0224289,0.0453612,0.0225419,0.999744,-0.00198004,-0.0453052,0.00300003,0.998969
10,11,0.0023449,0.00618216,-0.00714229,0.999321,-0.0220246,0.0295394,0.0218821,0.999747,0.00513789,-0.0296451,-0.00448802,0.99955
11,12,0.00938629,0.00245165,-0.00222934,0.99961,-0.0152606,0.0233802,0.0150415,0.999842,0.0095156,-0.0235217,-0.00916022,0.999681
12,13,0.00285497,-0.000793449,-0.00424727,0.999559,-0.0135927,0.0263917,0.0134042,0.999883,0.00730625,-0.0264879,-0.00694927,0.999625
13,14,0.00649594,0.00580997,-0.00544636,0.999649,-0.0141337,0.0224115,0.0140594,0.999895,0.00347013,-0.0224582,-0.00315382,0.999743
14,15,0.00225185,-0.00197226,-0.00388786,0.999514,-0.017957,0.0254935,0.0177868,0.999818,0.00688616,-0.0256125,-0.00642936,0.999651
15,16,0.00396086,0.00602449,-0.00741223,0.999714,-0.014013,0.0194029,0.0140309,0.999901,-0.00078829,-0.0193899,0.0010603,0.999811
16,17,0.00384756,0.00440813,-0.00545286,0.999711,-0.0126069,0.0204764,0.0125139,0.999911,0.004663,-0.0205333,-0.00440541,0.999779
17,18,-0.00245714,0.00387423,-0.00626972,0.999758,-0.0126902,0.0179582,0.0125986,0.999907,0.00520326,-0.0180226,-0.00497575,0.999825
18,19,0.00676849,0.00584196,-0.00538442,0.999924,-0.00993436,0.00730675,0.00988503,0.999928,0.00675715,-0.00737336,-0.00668441,0.99995
19,20,0.00860541,-0.00121338,-0.00488276,0.999924,-0.00627638,0.0106433,0.00614996,0.999911,0.0118692,-0.0107169,-0.0118028,0.999873
20,21,0.00755873,0.00276148,-0.00611546,0.999892,-0.00126054,0.0146477,0.00118222,0.999985,0.00535414,-0.0146542,-0.00533625,0.999878
21,22,0.00640843,0.00333287,-0.00596944,0.99975,-0.00139356,0.0223291,0.00123544,0.999974,0.00709362,-0.0223384,-0.00706426,0.999726
22,23,-0.00148207,0.000137223,-0.00606684,0.999657,-0.00125044,0.026163,0.00102399,0.999962,0.00866697,-0.0261728,-0.00863721,0.99962
23,24,0.00474395,0.00548873,-0.00848672,0.999841,0.00102142,0.0178053,-0.00113666,0.999978,0.00646343,-0.0177983,-0.00648264,0.999821
24,25,0.00342091,-0.000893629,-0.00539729,0.999646,-0.00686225,0.0256988,0.00643803,0.999842,0.016554,-0.0258083,-0.0163827,0.999533
25,26,-0.00549857,-0.00832283,-0.00478579,0.999496,-0.0142294,0.0283934,0.0138611,0.999818,0.013124,-0.028575,-0.0127238,0.999511
26,27,0.00236266,-0.00124492,-0.00708411,0.999675,-0.0164036,0.0195271,0.0163157,0.999856,0.0046503,-0.0196006,-0.00433019,0.999799
27,28,0.000625531,-0.00221214,-0.00631389,0.999642,-0.0162013,0.0213017,0.0161485,0.999866,0.00265082,-0.0213418,-0.00230588,0.99977
28,29,-0.000564084,-0.0042716,-0.00655192,0.999653,-0.0179128,0.0193367,0.0178868,0.999839,0.00151928,-0.0193608,-0.00117288,0.999812
29,30,0.000935059,-0.00333724,-0.00658975,0.999719,-0.0172864,0.0162237,0.0173201,0.999848,-0.00193958,-0.0161877,0.00222003,0.999867
30,31,0.00163392,-0.00301982,-0.00582405,0.999826,-0.0139693,0.0123608,0.0140104,0.999897,-0.0032491,-0.0123141,0.00342171,0.999918
31,32,0.00888363,-0.000765441,-0.00476106,0.99986,-0.0127562,0.0108194,0.0128445,0.999884,-0.00812967,-0.0107144,0.0082675,0.999908
32,33,0.00394868,-0.0025365,-0.0054352,0.999764,-0.00900587,0.0197882,0.00915537,0.99993,-0.00747775,-0.0197195,0.00765715,0.999776
33,34,0.00311013,0.00174297,-0.00498988,0.999753,-0.00627141,0.0213416,0.00650227,0.999921,-0.0107656,-0.0212724,0.0109017,0.999714
34,35,0.00415381,-0.000386745,-0.00371212,0.99961,-0.00791125,0.0267668,0.00817837,0.999918,-0.00988478,-0.0266864,0.0100998,0.999593
35,36,0.00205015,-0.000479817,-0.00466497,0.999316,-0.0082788,0.036043,0.00864607,0.999912,-0.0100459,-0.0359567,0.0103507,0.9993
36,37,0.0029585,-0.00407646,-0.00238589,0.999223,-0.0067486,0.0388314,0.00710282,0.999934,-0.0089913,-0.0387681,0.00926013,0.999205
37,38,-0.00290339,0.000827508,-0.00435552,0.999407,-0.000517967,0.034435,0.00103595,0.999887,-0.0150263,-0.0344233,0.015053,0.999294
38,39,-0.00546857,0.0014828,-0.00321736,0.999596,-0.000171703,0.02843,0.000450634,0.999952,-0.00980504,-0.028427,0.00981389,0.999548
39,40,-0.00585306,-0.00111112,-0.0032895,0.999745,-0.00928734,0.0205744,0.00944532,0.999927,-0.0075947,-0.0205023,0.00778709,0.999759
40,41,-0.00510913,0.00687245,-0.00280635,0.99973,-0.0166883,0.0161986,0.0168404,0.999815,-0.00929853,-0.0160404,0.0095688,0.999826
41,42,-0.00251456,-0.00165116,5.57249e-05,0.999551,-0.0268467,0.0132771,0.0268145,0.999637,0.00259835,-0.013342,-0.00224116,0.999908
42,43,-0.00249632,0.000327045,-0.000296684,0.999566,-0.0280237,0.00910675,0.0280491,0.999603,-0.0026678,-0.00902837,0.00292208,0.999955
43,44,-0.00224055,0.000587446,0.000785456,0.999669,-0.0251965,0.00526752,0.0251969,0.999683,-2.43988e-05,-0.00526523,0.000157116,0.999986
44,45,-0.00519312,0.00758285,-0.000240543,0.999803,-0.0191087,0.00543235,0.0191155,0.999817,-0.00121178,-0.0054082,0.00131538,0.999985
45,46,-0.00508917,0.00352132,0.000642457,0.999852,-0.0166821,0.00422266,0.0165979,0.999677,0.0192441,-0.00454233,-0.0191712,0.999806
46,47,0.00445903,-0.0124241,0.00456256,0.999898,-0.0142825,0.000278386,0.0142677,0.999444,0.0301423,-0.000708739,-0.0301352,0.999546
47,48,-0.000533101,-0.00164582,0.00139905,0.999972,-0.0060128,0.00442231,0.00595605,0.999901,0.0127362,-0.00449845,-0.0127095,0.999909
48,49,0.00425794,-0.00565098,0.00280564,0.999895,-0.0106103,0.00988992,0.0104682,0.999843,0.0143106,-0.0100402,-0.0142055,0.999849
49,50,-0.00224554,-0.00493996,0.00224793,0.999704,-0.0165624,0.017808,0.0164829,0.999854,0.00460639,-0.0178817,-0.0043115,0.999831
50,51,-0.00218939,-0.000751231,0.00214562,0.999735,-0.0143482,0.0179883,0.0143228,0.999896,0.00154144,-0.0180085,-0.0012834,0.999837
51,52,-0.0028833,-0.00902028,0.00174681,0.999783,-0.0126829,0.0165071,0.01269,0.999919,-0.000323628,-0.0165017,0.000533033,0.999864
52,53,-0.003932,0.0035212,0.000115652,0.999906,-0.00380737,0.0131809,0.0039414,0.999941,-0.0101578,-0.0131415,0.0102088,0.999862
53,54,-0.00136807,-0.000466496,0.00223038,0.999886,-0.000402106,0.0151075,0.000471061,0.999989,-0.00456099,-0.0151055,0.00456759,0.999875
54,55,-0.00733093,6.02152e-05,0.00189444,0.999858,0.00320502,0.0165684,-0.00310938,0.999978,-0.00579444,-0.0165866,0.0057421,0.999846
55,56,-0.00451788,0.00137042,0.000619122,0.999929,-0.00105448,0.0118354,0.00110285,0.999991,-0.00408147,-0.011831,0.00409424,0.999922
56,57,-0.00214128,-0.0002033,0.00237903,0.999875,-0.00771793,0.0137766,0.00779024,0.999956,-0.00520287,-0.0137358,0.00530955,0.999892
57,58,-0.00184244,0.000641151,-0.000927907,0.999767,-0.0102773,0.0189652,0.0103789,0.999932,-0.00526528,-0.0189098,0.00546089,0.999806
58,59,-0.000937844,-0.00125186,0.000472053,0.999679,-0.0145356,0.020751,0.0146287,0.999884,-0.00434387,-0.0206854,0.00464604,0.999775
59,60,-0.00628459,-0.00113226,-0.0011209,0.999815,-0.0121055,0.0149322,0.0121486,0.999922,-0.00280147,-0.0148972,0.00298236,0.999885
60,61,-0.00143196,-0.00398772,0.00168205,0.999977,-0.00646945,0.00185798,0.00647211,0.999978,-0.00142729,-0.0018487,0.00143928,0.999997
61,62,-0.0039525,-0.0020731,-0.00208022,0.999992,-0.00323533,-0.00251701,0.00322631,0.999988,-0.00357887,0.00252856,0.00357072,0.99999
62,63,-0.00672299,0.000911175,-0.00165122,0.999988,-0.00320322,-0.00366433,0.00319189,0.99999,-0.00309204,0.0036742,0.00308031,0.999989
63,64,-0.00158359,-0.00201231,0.000231171,0.999939,-4.21133e-05,-0.0110777,6.9114e-05,0.999997,0.00243704,0.0110775,-0.00243765,0.999936
64,65,-0.00303821,-0.000354106,0.000732223,0.999918,0.00405415,-0.0121627,-0.00404583,0.999992,0.000708053,0.0121654,-0.000658787,0.999926
65,66,-0.00548589,0.0034318,-0.0028901,0.99997,-0.00518496,-0.00577163,0.00520384,0.999981,0.00325978,0.00575462,-0.00328972,0.999978
66,67,-0.000964516,-0.00313679,0.00505858,0.999906,-0.0048663,-0.0128343,0.00500045,0.999933,0.0104417,0.0127826,-0.0105049,0.999863
67,68,0.00227964,0.000567099,0.00498562,0.999929,0.00358147,-0.0113714,-0.00351748,0.999978,0.00564172,0.0113913,-0.00560132,0.999919
68,69,-0.00289682,-0.000434168,0.00228683,0.999941,0.00879512,-0.00634993,-0.00875201,0.999939,0.00678442,0.00640921,-0.00672845,0.999957
69,70,-0.00218546,-0.00362503,0.00154322,0.999762,0.0169693,-0.0137274,-0.0168521,0.999821,0.008607,0.013871,-0.00837362,0.999869
70,71,-0.00287997,-0.00248674,-0.000175393,0.999571,0.0194043,-0.0219313,-0.0192669,0.999793,0.00646267,0.0220521,-0.00603735,0.999739
71,72,0.000337641,-0.00225515,0.00031221,0.999191,0.0261298,-0.0305768,-0.0259164,0.999637,0.00735544,0.0307579,-0.00655705,0.999505
72,73,-0.00372171,-0.00300047,0.000206365,0.999272,0.0270533,-0.0268876,-0.0268917,0.999618,0.00635159,0.0270491,-0.00562391,0.999618
73,74,-0.00188198,-0.000822776,0.000236564,0.999101,0.0309762,-0.0289268,-0.0308234,0.999509,0.00571332,0.0290896,-0.00481656,0.999565
74,75,-0.00306066,-0.00380596,0.000621792,0.9989,0.0355215,-0.0305996,-0.0352827,0.999343,0.00831106,0.0308747,-0.00722228,0.999497
75,76,-0.00894567,-0.00377222,9.97818e-05,0.999017,0.0323364,-0.0303203,-0.0321276,0.999457,0.00734762,0.0305415,-0.00636628,0.999513
76,77,-0.00106765,-0.00314167,0.00259054,0.998911,0.0289016,-0.0366136,-0.0286926,0.999569,0.00622219,0.0367777,-0.00516487,0.99931
77,78,-0.00550711,-0.00219513,0.000849001,0.999324,0.0220227,-0.0294328,-0.0219074,0.999751,0.00423095,0.0295186,-0.0035833,0.999558
78,79,-0.00483894,-0.00443846,0.00187191,0.999285,0.0191926,-0.0325734,-0.0190034,0.999801,0.0061061,0.0326841,-0.00548273,0.999451
79,80,-0.00561855,-0.00119849,0.00080794,0.999003,0.0209786,-0.0393964,-0.0207719,0.999768,0.0056501,0.0395058,-0.00482613,0.999208
80,81,-0.00492083,-0.00538679,0.00785877,0.998356,0.0254812,-0.0513355,-0.0250709,0.999649,0.00862021,0.0515371,-0.00731902,0.998644
81,82,-0.00287667,-0.00529285,0.00178963,0.997538,0.0343515,-0.0611458,-0.034185,0.999408,0.00376825,0.061239,-0.00166871,0.998122
82,83,-0.00158867,-0.00598644,0.00618588,0.997948,0.0303634,-0.056364,-0.0302194,0.999537,0.00340622,0.0564414,-0.00169594,0.998404
83,84,-0.00423863,8.52457e-05,0.00192166,0.998344,0.0253119,-0.0516604,-0.0254341,0.999675,-0.0017077,0.0516004,0.0030188,0.998663
84,85,-0.0010298,-0.000592246,0.00457551,0.998354,0.0240189,-0.0520848,-0.023752,0.999701,0.0057374,0.0522071,-0.00449083,0.998626
85,86,-0.00512254,-0.00984409,0.0136665,0.998615,0.0209694,-0.0482595,-0.0206162,0.999757,0.00780472,0.0484114,-0.00679899,0.998804
86,87,0.00254927,-0.00542272,0.00910561,0.998008,0.0298454,-0.0555866,-0.0301686,0.999532,-0.00498525,0.0554118,0.00665229,0.998441
87,88,-0.00495081,-0.00413856,0.00677062,0.998213,0.0354609,-0.0481008,-0.0358824,0.999325,-0.00792816,0.0477872,0.00963996,0.998811
88,89,-0.00622958,-0.00555413,0.00938128,0.998538,0.0267005,-0.0470089,-0.0271524,0.999591,-0.00900027,0.0467493,0.0102635,0.998854
89,90,-0.00292502,-0.00158747,0.00995034,0.99849,0.0267768,-0.047957,-0.0275193,0.99951,-0.0148895,0.0475348,0.0161868,0.998738
90,91,-0.00208137,-0.00334506,0.00913223,0.99869,0.02876,-0.0423141,-0.0294244,0.999452,-0.0151655,0.0418547,0.0163907,0.998989
91,92,-0.00763274,0.00162144,0.00389091,0.998928,0.0288645,-0.0362001,-0.0294588,0.999438,-0.015993,0.0357182,0.0170422,0.999217
92,93,-0.00691264,-0.00189176,0.00852149,0.998818,0.0310953,-0.0373716,-0.0313414,0.999491,-0.0060162,0.0371655,0.00718036,0.999283
93,94,-0.00527469,-0.00371809,0.00932904,0.998722,0.033283,-0.0380261,-0.0335652,0.999413,-0.00680685,0.0377773,0.00807451,0.999254
94,95,-0.00724472,0.00162084,0.00734088,0.999062,0.0306056,-0.0306414,-0.0308177,0.999504,-0.00647406,0.030428,0.00741228,0.999509
95,96,-0.0093669,-0.00547616,0.0089715,0.999466,0.0203987,-0.0255331,-0.0202932,0.999784,0.00438309,0.025617,-0.0038626,0.999664
96,97,-0.00921535,-0.00419451,0.00789463,0.999169,0.0281434,-0.0294895,-0.0282346,0.999598,-0.00268016,0.0294022,0.00351056,0.999561
97,98,-0.0134075,0.000480593,0.00602067,0.999188,0.0321759,-0.0242645,-0.0321738,0.999482,0.00047826,0.0242674,0.00030281,0.999705
98,99,-0.0116377,-0.00839437,0.0121557,0.999353,0.0235706,-0.0271586,-0.0234036,0.999705,0.00645087,0.0273026,-0.00581109,0.99961
99,100,-0.0124534,-0.00148585,0.00705653,0.999461,0.0189157,-0.0268413,-0.0189879,0.999817,-0.00243536,0.0267903,0.00294371,0.999637
100,101,-0.0132357,-0.00248528,0.00601865,0.9995,0.0202974,-0.0242378,-0.0202721,0.999794,0.0012868,0.024259,-0.000794805,0.999705
101,102,-0.0164308,-0.00264142,0.00674354,0.999597,0.0187609,-0.021303,-0.0186684,0.999815,0.0045301,0.021384,-0.00413058,0.999763
102,103,-0.0173956,-0.0027819,0.00683541,0.999706,0.0124875,-0.0207795,-0.0123844,0.99991,0.00508637,0.0208411,-0.00482753,0.999771
103,104,-0.0229504,0.00465754,0.00157663,0.999667,0.0145407,-0.0213271,-0.0144126,0.999877,0.00614489,0.0214139,-0.00583546,0.999754
104,105,-0.0194803,-0.00251041,0.00804916,0.999626,0.00647447,-0.0265678,-0.00590658,0.999754,0.0213983,0.0266998,-0.0212334,0.999418
105,106,-0.0151419,-0.00671248,0.0105998,0.999704,-9.77086e-06,-0.0243299,0.000437778,0.999845,0.0175865,0.024326,-0.017592,0.999549
106,107,-0.0153785,-0.0113428,0.00906695,0.999842,-0.00365358,-0.0173691,0.00373953,0.999981,0.00491859,0.0173508,-0.00498277,0.999837
107,108,-0.0127073,-0.00561092,0.00670684,0.999938,-0.00588289,-0.00944551,0.00578886,0.999934,-0.00995122,0.00950343,0.00989593,0.999906
108,109,-0.0202663,-0.00144901,0.00456245,0.999993,-0.00268881,0.00246897,0.00272375,0.999895,-0.0142613,-0.00243036,0.0142679,0.999895
109,110,-0.0244857,-0.00211535,0.00483187,0.99999,-0.00265477,0.00351869,0.00268942,0.999948,-0.00988089,-0.00349227,0.00989025,0.999945
110,111,-0.0232433,-0.00287904,0.00451684,0.999994,-0.00334417,0.00129265,0.00335404,0.999965,-0.00771125,-0.00126682,0.00771554,0.999969
111,112,-0.0262922,-0.00505876,0.00575453,0.999961,-0.00874403,-0.00103586,0.00873881,0.99995,-0.00494264,0.00107902,0.0049334,0.999987
112,113,-0.017491,-0.00192941,0.00751036,0.999913,-0.00984703,-0.00875972,0.00976654,0.99991,-0.0091843,0.00884937,0.00909795,0.999919
113,114,-0.0206968,-0.00266425,0.0069636,0.999971,-0.00755283,-0.00131118,0.00754665,0.999961,-0.00465648,0.0013463,0.00464645,0.999988
114,115,-0.0235672,-0.00754188,0.0070418,0.999946,-0.0101999,-0.00199647,0.0101916,0.99994,-0.0041113,0.00203828,0.00409073,0.99999
115,116,-0.0200278,-0.00522008,0.00434975,0.999904,-0.0115649,-0.00765605,0.0114813,0.999875,-0.0108826,0.00778094,0.0107937,0.999911
116,117,-0.0184356,-0.0014436,0.00306705,0.999922,-0.00443797,-0.0116755,0.00428454,0.999905,-0.0131343,0.0117326,0.0130832,0.999846
117,118,-0.0164515,0.00247834,0.0031386,0.999907,-0.002271,-0.0134635,0.00212702,0.999941,-0.0106986,0.013487,0.0106689,0.999852
118,119,-0.0187355,-0.00391795,0.00410075,0.999936,-0.00765709,-0.00836868,0.0076636,0.99997,0.000746153,0.00836272,-0.000810239,0.999965
119,120,-0.0153477,-0.00886729,0.00284295,0.999941,-0.00343754,-0.010275,0.0034046,0.999989,-0.00322108,0.0102859,0.0031859,0.999942
120,121,-0.0133567,-0.000112238,0.00192857,0.999994,-0.000313813,-0.00343039,0.00027134,0.999923,-0.0123749,0.00343402,0.0123739,0.999918
121,122,-0.0164091,0.00397044,0.00276399,0.999987,-0.0036191,0.00362906,0.00365045,0.999956,-0.00866892,-0.00359752,0.00868206,0.999956
122,123,-0.0156731,-0.00211827,0.00316119,0.999944,-0.00818313,0.00666131,0.00818578,0.999966,-0.000370734,-0.00665805,0.000425242,0.999978
123,124,-0.0180711,-0.00126951,0.00276301,0.999939,-0.00397838,0.0103511,0.00398938,0.999991,-0.00104244,-0.0103468,0.00108367,0.999946
124,125,-0.0140023,0.00472517,0.00330763,0.999943,-0.0026952,0.0103466,0.00268256,0.999996,0.00123531,-0.0103499,-0.00120748,0.999946
125,126,-0.0244727,-0.00698081,0.00354207,0.999774,-0.00924526,0.0191558,0.00901367,0.999886,0.0121411,-0.0192659,-0.0119657,0.999743
126,127,-0.0228579,-0.00763012,0.00343376,0.999941,-0.00339525,0.0102757,0.00333533,0.999977,0.00584261,-0.0102953,-0.00580799,0.99993
127,128,-0.0168405,0.00326205,0.00315378,0.999975,0.000116026,0.00704238,-9.95692e-05,0.999997,-0.00233707,-0.00704263,0.00233631,0.999972
128,129,-0.0234763,-0.00465243,0.00284996,0.999933,-0.00203228,0.0113946,0.00197639,0.999986,0.00491393,-0.0114044,-0.00489108,0.999923
129,130,-0.0179317,0.00242831,0.00329967,0.999954,-0.00813262,0.00506892,0.00813483,0.999967,-0.000415522,-0.00506537,0.000456738,0.999987
130,131,-0.0209581,0.000760194,0.00281001,0.99984,-0.0162519,0.00747636,0.0162021,0.999847,0.00666735,-0.00758357,-0.00654515,0.99995
131,132,-0.0190836,0.000689246,0.00328457,0.999784,-0.0203789,0.00398363,0.0203377,0.999742,0.010118,-0.0041888,-0.0100348,0.999941
132,133,-0.0164946,-0.00141334,0.00348585,0.999718,-0.0227436,0.00678872,0.0226348,0.999621,0.0156903,-0.007143,-0.0155322,0.999854
133,134,-0.0207567,-0.0112432,0.00276351,0.999755,-0.0191446,0.0110899,0.0189644,0.99969,0.0161291,-0.0113953,-0.0159149,0.999808
134,135,-0.016223,-0.000439154,0.00197635,0.999828,-0.0161503,0.00917165,0.016134,0.999868,0.00184989,-0.00920031,-0.00170159,0.999956
135,136,-0.0145098,-0.00218351,0.00171312,0.999795,-0.0128456,0.0156255,0.0127811,0.999909,0.00422116,-0.0156783,-0.00402059,0.999869
136,137,-0.019681,-0.000983388,0.0020481,0.999609,-0.0125675,0.0249725,0.0125362,0.99992,0.00141142,-0.0249882,-0.00109781,0.999687
137,138,-0.0212652,0.000439297,0.00207168,0.999556,-0.0149007,0.0257949,0.014882,0.999889,0.00092003,-0.0258057,-0.000535743,0.999667
138,139,-0.0199117,-0.00104105,0.00256384,0.999601,-0.0153824,0.023676,0.0153795,0.999882,0.000305161,-0.0236779,5.9086e-05,0.99972
139,140,-0.0216299,0.00538958,0.00143918,0.999483,-0.0194969,0.0255767,0.019562,0.999806,-0.00229702,-0.0255269,0.00279617,0.99967
140,141,-0.0180692,-0.00276549,0.004166,0.999189,-0.0324884,0.0237856,0.0323503,0.999458,0.0061699,-0.0239731,-0.00539543,0.999698
141,142,-0.0162011,-0.00435118,0.00466852,0.99917,-0.0310368,0.0263785,0.0310505,0.999518,-0.000109378,-0.0263624,0.000928353,0.999652
142,143,-0.0213289,0.00380157,0.00323708,0.99937,-0.0208101,0.0287638,0.0210439,0.999748,-0.00784996,-0.0285932,0.00845031,0.999555
143,144,-0.0269484,0.000467482,0.00524174,0.999396,-0.0243112,0.0248203,0.0242779,0.999704,0.00164048,-0.0248529,-0.00103691,0.999691
144,145,-0.0261713,-0.00115137,0.00619818,0.999551,-0.0274749,0.011962,0.0274704,0.999622,0.000542441,-0.0119724,-0.000213596,0.999928
145,146,-0.0197533,0.000849476,0.00402544,0.999836,-0.0180747,-0.000852464,0.0180732,0.999835,-0.00172864,0.000883568,0.00171295,0.999998
146,147,-0.0155256,0.00389303,0.00264026,0.999924,-0.0119283,-0.00314721,0.0119314,0.999928,0.000940237,0.00313577,-0.000977716,0.999995
147,148,-0.0117502,-0.00485291,0.00310471,0.999938,-0.011069,0.00100355,0.0110592,0.999896,0.00929144,-0.00110629,-0.00927977,0.999956
148,149,-0.00808652,-0.00514031,0.000875262,0.999911,-0.00721225,0.0112544,0.00716803,0.999966,0.00396428,-0.0112826,-0.00388325,0.999929
149,150,-0.0132223,-0.00636733,0.00111145,0.999486,-0.00889086,0.0307903,0.00896738,0.999957,-0.00234775,-0.0307681,0.00262265,0.999523
150,151,-0.0189447,0.00528935,-0.00242172,0.999284,-0.00988963,0.036525,0.010208,0.999911,-0.00853968,-0.0364373,0.00890641,0.999296
151,152,-0.0196901,-0.00450224,0.00261405,0.999211,-0.0182631,0.0352729,0.0180131,0.99981,0.00739505,-0.0354013,-0.00675384,0.99935
152,153,-0.0179995,-0.00902843,0.0020189,0.999282,-0.0211688,0.0314375,0.021155,0.999776,0.000772009,-0.0314468,-0.000106393,0.999505
153,154,-0.0185699,-0.00232557,0.00121839,0.999385,-0.0193048,0.0292886,0.0194565,0.999799,-0.00490212,-0.0291881,0.00546896,0.999559
154,155,-0.0214844,-0.00432544,0.0015388,0.999486,-0.0176196,0.0267708,0.017811,0.999817,-0.00692583,-0.0266439,0.00739909,0.999618
155,156,-0.0216274,0.00562709,0.00167392,0.999745,-0.0107783,0.0198359,0.0109177,0.999916,-0.00693584,-0.0197595,0.00715064,0.999779
156,157,-0.0192519,-0.0107314,0.00320789,0.99976,-0.0168978,0.0139391,0.0168262,0.999845,0.00523358,-0.0140254,-0.00499778,0.999889
157,158,-0.0198061,0.00362598,0.000544609,0.999739,-0.0187446,0.0130336,0.0188859,0.999763,-0.0108034,-0.012828,0.0110467,0.999857
158,159,-0.0194621,0.0194452,0.000953502,0.999713,-0.0213846,0.0108293,0.0213519,0.999767,0.00312967,-0.0108937,-0.00289754,0.999936
159,160,-0.0108394,0.00475021,0.00736074,0.999777,-0.0193279,0.00852429,0.0190134,0.999187,0.0355557,-0.00920458,-0.0353857,0.999331
160,161,-0.0115309,0.0033359,0.00758141,0.999704,-0.0151378,0.0190589,0.0142735,0.998899,0.0446964,-0.0197145,-0.0444111,0.998819
161,162,-0.00878914,-0.0170524,0.011713,0.999641,-0.0141511,0.0227634,0.0128353,0.998295,0.0569469,-0.0235304,-0.0566343,0.998118
162,163,-0.016526,-0.0127435,0.0112304,0.999241,-0.0110187,0.0373679,0.00990999,0.999509,0.029726,-0.0376771,-0.0293331,0.998859
163,164,-0.027265,0.00736303,0.00687502,0.999256,-0.00933342,0.0374343,0.00871894,0.999825,0.0165447,-0.0375821,-0.016206,0.999162
164,165,-0.0221491,-0.00298711,0.00860845,0.999527,-0.0201597,0.0232123,0.0194181,0.999307,0.031746,-0.0238363,-0.0312803,0.999226
165,166,-0.0178839,-0.0012921,0.00900893,0.99966,-0.0207285,0.0158312,0.020301,0.999437,0.026704,-0.0163758,-0.0263736,0.999518
166,167,-0.0213972,0.00778231,0.00880072,0.999781,-0.0179307,0.0108074,0.0176328,0.999478,0.0270581,-0.011287,-0.0268617,0.999575
167,168,-0.0220481,-0.00100033,0.0106333,0.999693,-0.0246176,0.00263674,0.0245034,0.999015,0.0369828,-0.00354457,-0.0369069,0.999312
168,169,-0.0126397,0.00151955,0.0105049,0.999789,-0.0178049,-0.0102215,0.0181191,0.999339,0.0315173,0.0096536,-0.0316959,0.999451
169,170,-0.00677887,0.00360593,0.00785508,0.999946,-0.00298479,-0.00994187,0.00327969,0.999551,0.0297786,0.00984852,-0.0298096,0.999507
170,171,-0.0058544,0.0034787,0.00716667,0.999994,0.00192202,-0.00290637,-0.00183407,0.999549,0.0299649,0.00296265,-0.0299594,0.999547
171,172,-0.00322757,0.00348573,0.00619814,0.999971,0.00433945,0.00621849,-0.00450267,0.999639,0.0264784,-0.00610134,-0.0265056,0.99963
172,173,-0.00880853,0.00767319,0.00397127,0.999811,0.00207271,0.0193093,-0.00264593,0.999555,0.0297083,-0.0192391,-0.0297538,0.999372
173,174,-0.0100956,-0.00237378,0.00775756,0.999743,0.000442466,0.0226866,-0.0012149,0.99942,0.0340455,-0.0226584,-0.0340643,0.999163
174,175,-0.0111873,-0.00213174,0.00465454,0.999674,-0.000343438,0.0255431,-0.000187298,0.999784,0.0207728,-0.0255447,-0.0207708,0.999458
175,176,-0.0176602,0.00899467,0.000986225,0.999627,0.000629858,0.0272888,-0.00111287,0.999843,0.0176887,-0.0272733,-0.0177124,0.999471
176,177,-0.020317,-0.000497793,0.00258755,0.999767,-0.00372435,0.0212845,0.00326229,0.999759,0.0217027,-0.0213602,-0.0216282,0.999538
177,178,-0.0155215,0.00269387,-0.00166474,0.999876,-0.00630565,0.0144637,0.00600415,0.999766,0.0207947,-0.0145914,-0.0207052,0.999679
178,179,-0.0107762,0.000576138,0.00135287,0.999883,-0.00389866,0.0147942,0.00359997,0.99979,0.020163,-0.0148697,-0.0201074,0.999687
179,180,-0.0178317,0.00250608,-0.00532771,0.999853,0.00322331,0.0168361,-0.0035554,0.999799,0.0197326,-0.0167691,-0.0197895,0.999664
180,181,-0.0160545,-0.00146017,-4.75555e-05,0.999869,0.00659016,0.014763,-0.00694851,0.999679,0.0243552,-0.0145978,-0.0244545,0.999594
181,182,-0.0174977,0.000346567,-0.000468322,0.999872,0.00206328,0.0158888,-0.0024035,0.999768,0.0214233,-0.0158409,-0.0214588,0.999644
182,183,-0.0150337,0.00255806,-0.00216602,0.999877,0.00238591,0.0155122,-0.00266557,0.999834,0.018033,-0.0154666,-0.0180721,0.999717
183,184,-0.0128354,0.00511524,-0.00425887,0.999835,0.00591287,0.0171595,-0.00628997,0.999738,0.0220057,-0.0170249,-0.02211,0.999611
184,185,-0.0174432,0.0010157,-0.00187373,0.999841,0.00314124,0.0175411,-0.00354355,0.99973,0.0229514,-0.0174643,-0.02301,0.999583
185,186,-0.0145378,-0.00314524,-0.00167889,0.999909,0.00101108,0.0134471,-0.00129829,0.999771,0.0213665,-0.0134224,-0.021382,0.999681
186,187,-0.0118915,0.00886358,-0.00343508,0.99991,0.00450393,0.012612,-0.00475353,0.999792,0.0198307,-0.01252,-0.0198889,0.999724
187,188,-0.0224349,0.013609,-0.0072734,0.999894,0.00106815,0.0145331,-0.00151073,0.999534,0.0304762,-0.0144938,-0.030495,0.99943
188,189,0.012431,0.0105835,0.0294863,0.99997,-0.00770816,0.00106144,0.00766809,0.999404,0.0336432,-0.00132013,-0.033634,0.999433
189,190,-0.0130004,0.0043558,2.42107e-05,0.999862,-0.0134348,0.00974214,0.0131133,0.999391,0.0323481,-0.0101708,-0.0322159,0.999429
190,191,-0.0207672,-0.0243066,-0.00436323,0.999869,-0.0138082,0.00843282,0.0134138,0.99889,0.0451506,-0.00904691,-0.0450315,0.998945
191,192,-0.0123356,-0.00213766,0.00173718,0.999966,-0.00752425,0.00327344,0.00738067,0.999096,0.0418606,-0.00358545,-0.041835,0.999118
192,193,-0.0115684,-0.0271293,0.00674147,0.999976,-0.00658421,0.00197202,0.00649787,0.999139,0.0409828,-0.00224016,-0.040969,0.999158
193,194,-0.0139957,0.0158062,-0.000915927,0.999998,0.00191252,-0.000346403,-0.0019037,0.999713,0.0238992,0.000392011,-0.0238985,0.999714
194,195,0.0149325,0.0666961,0.0254312,0.999979,-0.000186205,-0.00648826,0.000250459,0.999951,0.00990359,0.00648609,-0.009905,0.99993
195,196,-0.00896817,-0.00552065,0.00926939,0.999982,0.00152205,0.00584436,-0.00163944,0.999796,0.0201346,-0.00581252,-0.0201438,0.99978
196,197,-0.00520444,-0.0255331,0.00680988,0.999964,0.0069005,0.00485155,-0.00698365,0.999825,0.0173375,-0.00473106,-0.0173707,0.999838
197,198,-0.00804158,0.000494387,-0.00168457,0.999959,0.000845517,0.00903739,-0.000853096,0.999999,0.000834805,-0.00903667,-0.000842481,0.999959
198,199,-0.00961872,-0.0114184,0.00387609,0.99996,0.00172695,0.00878673,-0.00169127,0.99999,-0.0040667,-0.00879367,0.00405168,0.999953
199,200,-0.0168784,-0.0193569,0.00131495,0.999978,0.00160786,0.00637118,-0.00154783,0.999954,-0.0094153,-0.00638603,0.00940524,0.999935
200,201,-0.0114032,-0.000934508,-0.000747067,0.999982,0.00594571,0.000471467,-0.00593154,0.999648,-0.0258407,-0.000624942,0.0258374,0.999666
201,202,-0.0106834,0.0138836,-0.00413953,0.999978,0.00655949,0.000928603,-0.00651598,0.999141,-0.0409314,-0.00119629,0.0409245,0.999162
202,203,-0.00469076,-0.000193545,-0.00174833,0.999997,0.00120645,0.00223665,-0.00112829,0.9994,-0.0346245,-0.00227708,0.0346219,0.999398
203,204,-0.0159087,0.000916042,-0.0042884,0.999963,-0.00234804,0.00827506,0.00263673,0.999382,-0.0350502,-0.00818765,0.0350707,0.999351
204,205,-0.00461499,-0.0122851,0.00286238,0.999979,-0.001813,0.00622417,0.00200135,0.999536,-0.0303901,-0.00616619,0.0304019,0.999519
205,206,-0.0168253,-0.00774605,-0.00107749,0.999942,7.74091e-05,0.0107537,0.000224986,0.999605,-0.0281162,-0.0107516,0.028117,0.999547
206,207,-0.0131735,-0.00312616,0.000209345,0.99994,0.00266224,0.0106602,-0.00236539,0.999612,-0.0277635,-0.01073,0.0277366,0.999558
207,208,-0.0127867,-0.0068175,0.000727493,0.999911,0.00813005,0.0105541,-0.0078507,0.999625,-0.0262457,-0.0107635,0.0261605,0.9996
208,209,-0.0193906,-0.0119747,-5.19875e-05,0.999842,0.0102147,0.0145299,-0.00986399,0.999663,-0.0240053,-0.0147702,0.0238582,0.999606
209,210,-0.0138872,-0.0081419,0.00276137,0.999881,0.00710371,0.0136623,-0.0066782,0.999499,-0.0309424,-0.0138753,0.0308475,0.999428
210,211,-0.0133552,-0.0137294,-0.000994147,0.999875,0.0104159,0.0118727,-0.00997893,0.999292,-0.0362875,-0.0122423,0.0361645,0.999271
211,212,-0.0156693,-0.0130596,-0.0012213,0.999861,0.00983118,0.0134704,-0.00934641,0.999323,-0.0355902,-0.0138112,0.0354593,0.999276
212,213,-0.0184079,-0.00755901,0.00301566,0.999887,0.00361762,0.0145845,-0.00302439,0.999175,-0.0404938,-0.014719,0.0404452,0.999073
213,214,-0.0137666,-0.00485515,0.00415188,0.999971,-0.00136255,0.00750934,0.00165991,0.999209,-0.0397361,-0.00744926,0.0397474,0.999182
214,215,-0.00535978,-0.0149993,0.00892366,0.99999,0.0027491,0.00352698,-0.00261098,0.999252,-0.0385856,-0.00363042,0.038576,0.999249
215,216,-0.0218494,0.00600765,-0.00372126,0.999933,0.0053257,0.0103013,-0.00483465,0.998878,-0.04712,-0.0105407,0.0470671,0.998836
216,217,-0.0121565,-0.00328998,0.00344879,0.999987,-0.000267844,0.00502026,0.000446643,0.999364,-0.0356484,-0.00500752,0.0356501,0.999352
217,218,-0.00790038,-0.0170343,0.00451329,0.999963,-0.00623348,0.00592765,0.00642394,0.999445,-0.0326751,-0.00572068,0.032712,0.999448
218,219,-0.0158256,0.00847739,-0.000703197,0.999884,-0.00827038,0.0128029,0.00881327,0.999039,-0.0429451,-0.0124355,0.043053,0.998995
219,220,-0.0119787,-0.00445124,0.00254917,0.999848,-0.0100931,0.0142035,0.0104122,0.999691,-0.0225735,-0.0139713,0.0227179,0.999644
220,221,-0.0162878,-0.0109696,0.00318715,0.999777,-0.0131403,0.0165481,0.0135369,0.999618,-0.0240819,-0.0162253,0.0243006,0.999573
221,222,-0.0204612,-0.0009351,0.0009545,0.999932,-0.00634878,0.00981656,0.00661738,0.999598,-0.027576,-0.00963753,0.027639,0.999572
222,223,-0.0157389,-0.00898746,0.0031819,0.999988,-0.00402602,0.00270911,0.00407614,0.999816,-0.0187555,-0.0026331,0.0187663,0.99982
223,224,-0.0168892,-0.0103495,0.00225057,0.999968,-0.00730639,0.00319327,0.00738028,0.99969,-0.0237778,-0.00301855,0.0238006,0.999712
224,225,-0.0185867,-0.00638181,0.00104809,0.99996,-0.00879158,0.00150688,0.00883006,0.999575,-0.0277832,-0.00126198,0.0277954,0.999613
225,226,-0.017267,-0.0108082,0.000554296,0.999934,-0.011515,0.00012865,0.0115141,0.999553,-0.0275933,0.000189143,0.0275929,0.999619
226,227,-0.0200558,-0.0045137,-0.0014998,0.999912,-0.0132422,-0.000306301,0.0132237,0.999318,-0.0344858,0.000762759,0.0344787,0.999405
227,228,-0.0215194,-0.00276258,-0.00064196,0.99995,-0.00972292,-0.00213444,0.00966082,0.999578,-0.0273927,0.00239988,0.0273707,0.999622
228,229,-0.0190442,-0.0140375,-0.00039504,0.999948,-0.00755526,-0.00684472,0.00739657,0.99971,-0.0229207,0.00701591,0.0228689,0.999714
229,230,-0.0205246,-0.00499166,-0.00323217,0.999959,-0.00742101,-0.00520314,0.00723103,0.999339,-0.0356281,0.00546409,0.035589,0.999352
230,231,-0.0241981,0.00048958,-0.00351969,0.999977,-0.00385941,-0.00556742,0.0036862,0.999519,-0.0307931,0.00568359,0.0307719,0.99951
231,232,-0.0221033,-0.00147763,-0.00291692,0.999911,-0.00503406,-0.0123708,0.00477168,0.999765,-0.0211483,0.0124743,0.0210873,0.9997
232,233,-0.0186729,-0.00582275,-0.00124824,0.999911,-0.00462857,-0.0125345,0.00444905,0.999888,-0.0143126,0.0125993,0.0142556,0.999819
233,234,-0.0215628,-0.00603926,-0.00398955,0.999983,-0.000526479,-0.0057747,0.000423954,0.999843,-0.0177411,0.00578313,0.0177383,0.999826
234,235,-0.0220442,0.00399728,-0.00279618,0.999984,-0.000989379,-0.00551649,0.000884344,0.999819,-0.0190101,0.0055343,0.0190049,0.999804
235,236,-0.019947,-0.00452265,-0.000212122,0.99998,-0.00569035,-0.0027212,0.00566433,0.999939,-0.00947683,0.00277496,0.00946123,0.999951
236,237,-0.0200639,-0.000888761,-0.00167218,0.99996,-0.00867179,0.00204847,0.00869906,0.999868,-0.0136985,-0.00192941,0.0137157,0.999904
237,238,-0.0203282,0.000102534,-0.000788462,0.999964,-0.00523015,0.0066877,0.00530857,0.999917,-0.0117638,-0.00662561,0.0117989,0.999908
238,239,-0.0507226,0.00322787,0.000688831,0.999582,-0.0259229,0.0128164,0.0261043,0.999559,-0.01419,-0.0124429,0.0145186,0.999817
239,240,-0.0221082,0.000395316,0.000827281,0.99952,-0.0305113,-0.00527679,0.0305119,0.999534,3.31459e-05,0.00527333,-0.000194135,0.999986
240,241,-0.0153269,-0.00160216,0.000501841,0.999615,-0.0268073,-0.00721247,0.0268254,0.999637,0.00242396,0.00714488,-0.0026165,0.999971
241,242,-0.0169091,0.000243075,0.000283507,0.999591,-0.0285996,0.000853207,0.0285969,0.999586,0.00304833,-0.000940035,-0.00302268,0.999995
242,243,-0.0144915,-0.00194636,-0.000230155,0.999478,-0.0319491,0.00469588,0.03191,0.999457,0.00816824,-0.0049543,-0.00801413,0.999956
243,244,-0.0145147,-0.00324574,-0.000361248,0.99946,-0.0300941,0.0131776,0.0299709,0.999506,0.00944603,-0.0134554,-0.00904598,0.999869
244,245,-0.0184946,-0.00325386,0.000143913,0.999321,-0.0319607,0.0183309,0.0318144,0.99946,0.0082165,-0.0185836,-0.00762774,0.999798
245,246,-0.0152005,-0.000821517,-0.00181281,0.999388,-0.0311989,0.0158029,0.0310868,0.99949,0.00729039,-0.0160223,-0.00679467,0.999849
246,247,-0.0141101,-0.0101378,-0.00053505,0.999529,-0.022959,0.0203466,0.0226696,0.99964,0.0143431,-0.0206686,-0.0138751,0.99969
247,248,-0.0169758,-0.00436815,-0.00248509,0.999433,-0.0229772,0.0246312,0.022951,0.999736,0.00134531,-0.0246556,-0.000779231,0.999696
248,249,-0.019279,-0.00323384,-0.00128315,0.999398,-0.0244707,0.0246124,0.0244051,0.999698,0.00296225,-0.0246774,-0.0023598,0.999693
249,250,-0.0177441,-0.0065045,-0.00142153,0.999547,-0.0224316,0.0200712,0.0223478,0.999741,0.00439045,-0.0201645,-0.00393991,0.999789
250,251,-0.0153308,-0.00627395,-0.00226571,0.999659,-0.0186736,0.0182438,0.0186185,0.999822,0.00318811,-0.0183,-0.00284736,0.999828
251,252,-0.0133354,-0.00778313,-0.00165155,0.999593,-0.0198571,0.0204744,0.0197953,0.999799,0.00321892,-0.0205342,-0.00281231,0.999785
252,253,-0.0133669,-0.00280806,-0.00151155,0.999277,-0.0273435,0.0264196,0.0273034,0.999625,0.00187945,-0.0264611,-0.00115675,0.999649
253,254,-0.016869,-0.00842431,0.00242108,0.998996,-0.0327594,0.0305648,0.0324813,0.999427,0.00955061,-0.0308601,-0.00854824,0.999487
254,255,-0.0149928,-0.00495182,0.00186353,0.999183,-0.0298209,0.0272728,0.0296191,0.999531,0.00777473,-0.0274919,-0.00696058,0.999598
255,256,-0.014036,-0.0136292,0.00594965,0.999475,-0.0161521,0.0280846,0.0156444,0.999712,0.0182043,-0.0283706,-0.0177553,0.99944
256,257,-0.0182503,-0.0116321,0.00669566,0.999362,-0.017607,0.0310673,0.0174351,0.999831,0.00579398,-0.0311641,-0.00524862,0.999501
257,258,-0.0143285,-0.00770343,0.00649126,0.999553,-0.0160006,0.0252516,0.0159187,0.999867,0.00344023,-0.0253033,-0.00303672,0.999675
258,259,-0.0152059,-0.0108094,0.00904878,0.999522,-0.0137896,0.0276749,0.0136495,0.999893,0.00524793,-0.0277443,-0.00486767,0.999603
259,260,-0.0184706,-0.0102618,0.0112561,0.999518,-0.0172367,0.0258349,0.0171962,0.999851,0.00179188,-0.0258619,-0.00134675,0.999665
260,261,-0.0194086,-0.00854632,0.011412,0.99973,-0.0131109,0.0191868,0.0131279,0.999914,-0.000764022,-0.0191751,0.0010157,0.999816
261,262,-0.0201444,-0.00274455,0.010254,0.999907,-0.0087802,0.0104589,0.00878325,0.999961,-0.000245272,-0.0104563,0.000337112,0.999945
262,263,-0.0106102,-0.00688029,0.0121945,0.999969,-0.00781286,0.000371252,0.0078087,0.999918,0.0101135,-0.000450237,-0.0101103,0.999949
263,264,-0.0129998,-0.00467029,0.00927057,0.999951,-0.00656178,0.00735912,0.00651738,0.999961,0.00604172,-0.00739847,-0.00599347,0.999955
264,265,-0.0137816,0.00178423,0.0100646,0.999918,-0.0071547,0.0106468,0.00703417,0.999911,0.0113157,-0.0107268,-0.0112399,0.999879
265,266,-0.020123,-0.00732624,0.013548,0.99988,-0.00437168,0.0148624,0.00404881,0.999757,0.0216851,-0.0149536,-0.0216223,0.999654
266,267,-0.024143,-0.00194732,0.00814018,0.999953,-0.00171712,0.0095757,0.00158345,0.999901,0.0139486,-0.00959871,-0.0139328,0.999857
267,268,-0.0140415,-0.000330056,0.00773271,0.999987,-0.00249918,-0.00433607,0.0025818,0.999813,0.0191539,0.00428739,-0.0191648,0.999807
268,269,-0.00660597,-0.0064965,0.00533464,0.999993,0.00375069,-0.000419143,-0.00374115,0.999776,0.0208284,0.00049717,-0.0208267,0.999783
269,270,-0.00718742,0.00185382,0.00223871,0.999897,0.00604492,0.0130306,-0.0062517,0.999854,0.0158868,-0.0129327,-0.0159666,0.999789
270,271,-0.00893452,-0.00602893,0.00478272,0.999661,0.00568278,0.0253915,-0.0061885,0.999783,0.0198829,-0.025273,-0.0200333,0.99948
271,272,-0.0201856,-0.000232418,0.00105993,0.999188,0.0083483,0.0394088,-0.00855895,0.99995,0.00517953,-0.0393636,-0.00551263,0.99921
272,273,-0.0256874,0.00924399,-0.000418033,0.999441,0.00559623,0.0329592,-0.00578784,0.999967,0.00572093,-0.0329261,-0.0059085,0.99944
273,274,-0.0144877,0.00087981,0.000879522,0.999814,0.00762,0.0176968,-0.00788544,0.999857,0.0149781,-0.0175802,-0.0151149,0.999731
274,275,-0.0196203,0.00290188,-0.00173217,0.999727,0.0104919,0.020875,-0.0107268,0.99988,0.0111749,-0.0207552,-0.0113958,0.99972
275,276,-0.0114516,0.00580126,-0.0013087,0.999871,0.00913708,0.0131869,-0.00932019,0.99986,0.0138918,-0.0130581,-0.0140129,0.999817
276,277,-0.00726979,-0.00382434,-0.00200032,0.999757,0.00569027,0.0212751,-0.00602849,0.999856,0.0158674,-0.0211818,-0.0159918,0.999648
277,278,-0.0204612,0.0053024,-0.00623537,0.999401,0.00618548,0.0340526,-0.0064219,0.999956,0.00683779,-0.0340088,-0.00705237,0.999397
278,279,-0.0188282,0.00154641,-0.00283775,0.999616,0.00102403,0.0276757,-0.00143652,0.999888,0.0148886,-0.0276573,-0.0149226,0.999506
279,280,-0.018618,-0.0027242,-0.00472971,0.999755,-0.00233121,0.0220294,0.00210867,0.999947,0.0101198,-0.0220518,-0.0100709,0.999706
280,281,-0.02309,-0.00045323,-0.00441281,0.999852,-0.00251667,0.0170158,0.00239726,0.999972,0.00703442,-0.017033,-0.00699258,0.99983
281,282,-0.0259202,-0.00160232,-0.00500581,0.999985,-0.00135766,0.00534135,0.00134686,0.999997,0.00202495,-0.00534409,-0.00201772,0.999984
282,283,-0.0191327,0.0058645,-0.00953401,0.999923,0.00467056,-0.0114546,-0.00466039,0.999989,0.000914152,0.0114588,-0.0008607,0.999934
283,284,-0.0162767,0.00251625,-0.00578493,0.99983,0.00309485,-0.0181593,-0.00296007,0.999968,0.00744435,0.0181818,-0.00738933,0.999807
284,285,-0.0134376,0.0048601,-0.00886807,0.999605,0.00854596,-0.0267865,-0.00840659,0.999951,0.00531147,0.0268306,-0.00508419,0.999627
285,286,-0.0102928,0.00293425,-0.0077167,0.999365,0.016012,-0.0318344,-0.0156098,0.999796,0.012845,0.0320335,-0.0123399,0.999411
286,287,-0.0110819,0.000399626,-0.00740922,0.999352,0.0160857,-0.0321922,-0.0157967,0.999833,0.00921306,0.032335,-0.00869857,0.999439
287,288,-0.0108084,0.0085129,-0.00967336,0.99928,0.0171704,-0.0338237,-0.0169971,0.999841,0.0054049,0.0339112,-0.00482611,0.999413
288,289,-0.00700972,0.00342012,-0.00713117,0.999333,0.0132448,-0.034038,-0.0128193,0.999837,0.0126898,0.0342005,-0.012245,0.99934
289,290,-0.00745515,0.00805145,-0.00695847,0.99955,0.0108184,-0.0279614,-0.0105868,0.999909,0.00841642,0.0280499,-0.00811661,0.999574
290,291,-0.00765428,0.00689974,-0.00662816,0.999656,0.00803762,-0.0249558,-0.00772619,0.999891,0.0125507,0.025054,-0.0123536,0.99961
291,292,-0.00232427,0.0052623,-0.00525143,0.99972,0.00534059,-0.0230632,-0.00503606,0.9999,0.0132417,0.0231316,-0.0131219,0.999646
292,293,-0.0047967,0.00834026,-0.00430904,0.999914,0.00347418,-0.0126831,-0.00335969,0.999954,0.00903686,0.0127139,-0.00899347,0.999879
293,294,-0.0226318,0.0161011,-0.011694,0.99955,0.0190992,-0.0231212,-0.0185227,0.999518,0.0248987,0.0235857,-0.0244592,0.999423
294,295,-0.0196607,0.00406486,-0.00780925,0.999681,0.0147104,-0.0205279,-0.014521,0.999851,0.00934629,0.0206623,-0.00904523,0.999746
295,296,-0.00779019,0.00809163,-0.00668147,0.998988,0.0174325,-0.0414722,-0.0171144,0.999821,0.00801468,0.0416046,-0.00729679,0.999108
296,297,-0.00745981,0.0060274,-0.00457101,0.999017,0.0138909,-0.0420971,-0.0132685,0.999799,0.0150296,0.0422974,-0.0144562,0.999
297,298,-0.00398294,0.00375004,-0.0041051,0.998941,0.0136861,-0.0439244,-0.0131294,0.99983,0.0129381,0.044094,-0.0123477,0.998951
298,299,-0.00181053,0.0056627,-0.00483713,0.999021,0.0132332,-0.0422098,-0.0126957,0.999835,0.0129775,0.0423746,-0.0124289,0.999024
